local dragonGeometry = {}

function dragonGeometry:Init()
self.data={
58,0,4,
59,0,4,60,0,4,61,0,4,66,0,4,67,0,4,68,0,4,69,0,4,58,0,5,59,0,5,60,0,5,61,0,5,66,0,5,67,0,5,68,0,5,69,0,5,58,0,6,59,0,6,60,0,6,61,0,6,66,0,6,67,0,6,68,0,6,69,0,6,58,0,7,59,0,7,60,0,7,61,0,7,62,0,7,65,0,7,66,0,7,67,0,7,68,0,7,58,0,8,59,0,8,60,0,8,61,0,8,62,0,8,65,0,8,66,0,8,67,0,8,68,0,8,59,0,9,60,0,9,61,0,9,66,0,9,67,0,9,68,0,9,60,0,20,67,0,20,58,0,21,59,0,21,60,0,21,61,0,21,65,0,21,66,0,21,67,0,21,68,0,21,58,0,22,59,0,22,60,0,22,61,0,22,65,0,22,66,0,22,67,0,22,68,0,22,69,0,22,58,0,23,59,0,23,60,0,23,61,0,23,65,0,23,66,0,23,67,0,23,68,0,23,69,0,23,58,0,24,59,0,24,60,0,24,61,0,24,62,0,24,63,0,24,64,0,24,66,0,24,67,0,24,68,0,24,69,0,24,58,0,25,59,0,25,60,0,25,61,0,25,62,0,25,63,0,25,64,0,25,65,0,25,66,0,25,67,0,25,68,0,25,69,0,25,58,0,26,59,0,26,
60,0,26,61,0,26,62,0,26,64,0,26,65,0,26,66,0,26,67,0,26,68,0,26,69,0,26,58,0,27,59,0,27,60,0,27,61,0,27,62,0,27,65,0,27,66,0,27,67,0,27,68,0,27,59,0,28,60,0,28,61,0,28,66,0,28,67,0,28,68,0,28,58,1,4,59,1,4,60,1,4,61,1,4,66,1,4,67,1,4,68,1,4,58,1,5,59,1,5,60,1,5,61,1,5,66,1,5,67,1,5,68,1,5,69,1,5,58,1,6,59,1,6,60,1,6,61,1,6,66,1,6,67,1,6,68,1,6,69,1,6,58,1,7,59,1,7,60,1,7,61,1,7,62,1,7,65,1,7,66,1,7,67,1,7,68,1,7,58,1,8,59,1,8,60,1,8,61,1,8,62,1,8,65,1,8,66,1,8,67,1,8,68,1,8,59,1,9,61,1,9,66,1,9,68,1,9,59,1,10,60,1,10,66,1,10,67,1,10,68,1,10,59,1,11,60,1,11,67,1,11,68,1,11,60,1,20,67,1,20,58,1,21,59,1,21,60,1,21,61,1,21,65,1,21,66,1,21,67,1,21,68,1,21,58,1,22,59,1,22,61,1,22,62,1,22,65,1,22,66,1,22,68,1,22,69,1,22,58,1,23,61,1,23,65,1,23,69,1,23,
58,1,24,62,1,24,63,1,24,64,1,24,65,1,24,69,1,24,58,1,25,63,1,25,69,1,25,58,1,26,63,1,26,64,1,26,69,1,26,58,1,27,62,1,27,65,1,27,69,1,27,58,1,28,59,1,28,60,1,28,61,1,28,65,1,28,66,1,28,67,1,28,68,1,28,59,2,9,60,2,9,66,2,9,67,2,9,68,2,9,59,2,10,61,2,10,66,2,10,68,2,10,59,2,11,61,2,11,66,2,11,68,2,11,59,2,12,60,2,12,67,2,12,68,2,12,60,2,22,67,2,22,58,2,23,59,2,23,60,2,23,61,2,23,66,2,23,67,2,23,68,2,23,58,2,24,59,2,24,60,2,24,61,2,24,66,2,24,67,2,24,68,2,24,58,2,25,59,2,25,61,2,25,62,2,25,64,2,25,65,2,25,68,2,25,69,2,25,58,2,26,62,2,26,64,2,26,65,2,26,69,2,26,58,2,27,62,2,27,65,2,27,69,2,27,58,2,28,61,2,28,66,2,28,69,2,28,59,2,29,60,2,29,67,2,29,68,2,29,63,2,61,64,2,61,63,2,62,64,2,62,63,2,63,64,2,63,63,2,64,64,2,64,63,2,65,64,2,65,63,2,66,64,2,66,63,2,67,64,2,67,63,2,68,64,2,68,63,2,69,
64,2,69,63,2,70,64,2,70,63,2,71,64,2,71,63,2,72,64,2,72,63,2,73,64,2,73,63,2,74,64,2,74,63,2,75,64,2,75,63,2,76,64,2,76,63,2,77,64,2,77,63,2,78,64,2,78,63,2,79,64,2,79,63,2,80,64,2,80,59,3,9,60,3,9,67,3,9,59,3,10,61,3,10,66,3,10,68,3,10,58,3,11,61,3,11,66,3,11,69,3,11,58,3,12,61,3,12,66,3,12,68,3,12,59,3,13,60,3,13,67,3,13,68,3,13,60,3,25,66,3,25,67,3,25,58,3,26,59,3,26,61,3,26,66,3,26,68,3,26,58,3,27,61,3,27,66,3,27,68,3,27,58,3,28,61,3,28,66,3,28,68,3,28,59,3,29,60,3,29,66,3,29,67,3,29,68,3,29,63,3,55,64,3,55,63,3,56,64,3,56,62,3,57,63,3,57,64,3,57,62,3,58,63,3,58,64,3,58,62,3,59,63,3,59,64,3,59,62,3,60,63,3,60,64,3,60,62,3,61,64,3,61,62,3,62,64,3,62,62,3,63,64,3,63,62,3,64,64,3,64,62,3,65,64,3,65,62,3,66,64,3,66,63,3,67,64,3,67,63,3,68,64,3,68,62,3,69,64,3,69,62,3,70,64,3,70,62,3,71,
64,3,71,63,3,72,64,3,72,63,3,73,64,3,73,63,3,74,64,3,74,63,3,75,64,3,75,63,3,76,64,3,76,63,3,77,64,3,77,63,3,78,64,3,78,63,3,79,64,3,79,63,3,80,64,3,80,63,3,81,64,3,81,63,3,82,64,3,82,59,4,10,60,4,10,66,4,10,67,4,10,68,4,10,58,4,11,61,4,11,66,4,11,69,4,11,58,4,12,61,4,12,66,4,12,68,4,12,59,4,13,61,4,13,66,4,13,68,4,13,59,4,14,60,4,14,67,4,14,68,4,14,59,4,21,60,4,21,61,4,21,66,4,21,67,4,21,68,4,21,59,4,22,60,4,22,61,4,22,66,4,22,67,4,22,68,4,22,59,4,23,60,4,23,61,4,23,66,4,23,67,4,23,68,4,23,59,4,24,60,4,24,61,4,24,66,4,24,67,4,24,68,4,24,59,4,25,61,4,25,66,4,25,68,4,25,59,4,26,61,4,26,66,4,26,68,4,26,58,4,27,61,4,27,66,4,27,68,4,27,58,4,28,61,4,28,66,4,28,68,4,28,59,4,29,61,4,29,66,4,29,68,4,29,59,4,30,60,4,30,67,4,30,68,4,30,63,4,51,64,4,51,62,4,52,63,4,52,64,4,52,62,4,53,63,4,53,64,4,53,
65,4,53,62,4,54,63,4,54,64,4,54,65,4,54,62,4,55,65,4,55,62,4,56,65,4,56,62,4,57,65,4,57,62,4,58,65,4,58,62,4,59,64,4,59,62,4,60,64,4,60,62,4,61,64,4,61,62,4,62,65,4,62,62,4,63,65,4,63,62,4,64,64,4,64,62,4,65,63,4,65,64,4,65,63,4,66,64,4,66,63,4,67,64,4,67,62,4,68,63,4,68,64,4,68,62,4,69,64,4,69,62,4,70,65,4,70,62,4,71,65,4,71,62,4,72,63,4,72,64,4,72,65,4,72,63,4,75,64,4,75,63,4,76,64,4,76,63,4,77,64,4,77,63,4,78,64,4,78,62,4,79,63,4,79,64,4,79,62,4,80,64,4,80,62,4,81,63,4,81,64,4,81,58,5,11,59,5,11,60,5,11,61,5,11,66,5,11,67,5,11,68,5,11,58,5,12,61,5,12,66,5,12,68,5,12,58,5,13,61,5,13,66,5,13,68,5,13,59,5,14,60,5,14,66,5,14,68,5,14,60,5,15,67,5,15,60,5,18,67,5,18,59,5,19,60,5,19,61,5,19,66,5,19,67,5,19,68,5,19,59,5,20,60,5,20,61,5,20,66,5,20,67,5,20,68,5,20,59,5,21,61,5,21,66,5,21,68,5,21,
59,5,22,61,5,22,66,5,22,68,5,22,59,5,23,61,5,23,66,5,23,68,5,23,59,5,24,61,5,24,66,5,24,68,5,24,59,5,25,61,5,25,66,5,25,68,5,25,59,5,26,61,5,26,66,5,26,68,5,26,58,5,27,61,5,27,66,5,27,68,5,27,58,5,28,61,5,28,66,5,28,68,5,28,59,5,29,61,5,29,66,5,29,68,5,29,59,5,30,60,5,30,67,5,30,68,5,30,63,5,47,63,5,48,64,5,48,62,5,49,63,5,49,64,5,49,62,5,50,63,5,50,64,5,50,65,5,50,62,5,51,65,5,51,62,5,52,65,5,52,62,5,53,65,5,53,62,5,54,65,5,54,62,5,55,65,5,55,62,5,56,64,5,56,62,5,57,63,5,57,64,5,57,63,5,58,64,5,58,63,5,59,64,5,59,62,5,60,64,5,60,62,5,61,64,5,61,62,5,62,65,5,62,62,5,63,65,5,63,62,5,64,63,5,64,64,5,64,65,5,64,62,5,65,65,5,65,62,5,69,63,5,69,64,5,69,62,5,70,63,5,70,64,5,70,65,5,70,62,5,71,63,5,71,64,5,71,65,5,71,62,5,72,63,5,72,64,5,72,65,5,72,62,5,73,64,5,73,65,5,73,62,5,80,63,5,80,64,5,80,
62,5,81,63,5,81,64,5,81,62,5,82,63,5,82,64,5,82,65,5,82,62,5,83,64,5,83,65,5,83,59,6,11,60,6,11,66,6,11,67,6,11,68,6,11,59,6,12,61,6,12,66,6,12,68,6,12,58,6,13,61,6,13,66,6,13,68,6,13,59,6,14,60,6,14,66,6,14,68,6,14,60,6,15,67,6,15,60,6,16,67,6,16,59,6,18,60,6,18,61,6,18,66,6,18,67,6,18,68,6,18,58,6,19,61,6,19,66,6,19,68,6,19,58,6,20,61,6,20,66,6,20,68,6,20,58,6,21,61,6,21,66,6,21,68,6,21,59,6,22,61,6,22,66,6,22,68,6,22,59,6,23,61,6,23,66,6,23,68,6,23,59,6,24,61,6,24,66,6,24,68,6,24,59,6,25,61,6,25,66,6,25,68,6,25,59,6,26,61,6,26,66,6,26,68,6,26,59,6,27,60,6,27,61,6,27,66,6,27,67,6,27,68,6,27,59,6,28,60,6,28,61,6,28,66,6,28,67,6,28,68,6,28,59,6,29,61,6,29,66,6,29,68,6,29,59,6,30,60,6,30,67,6,30,68,6,30,63,6,44,64,6,44,63,6,45,64,6,45,62,6,46,63,6,46,64,6,46,65,6,46,62,6,47,64,6,47,65,6,47,
62,6,48,65,6,48,62,6,49,65,6,49,62,6,50,65,6,50,62,6,51,65,6,51,62,6,52,65,6,52,62,6,53,65,6,53,62,6,54,65,6,54,62,6,55,65,6,55,62,6,56,63,6,56,64,6,56,65,6,56,62,6,60,63,6,60,64,6,60,62,6,61,63,6,61,64,6,61,65,6,61,62,6,62,63,6,62,64,6,62,65,6,62,62,6,63,63,6,63,64,6,63,65,6,63,62,6,64,64,6,64,65,6,64,62,6,65,65,6,65,62,6,72,65,6,72,62,6,73,65,6,73,62,6,74,65,6,74,62,7,9,63,7,9,64,7,9,62,7,10,63,7,10,64,7,10,65,7,10,59,7,11,60,7,11,61,7,11,62,7,11,63,7,11,64,7,11,65,7,11,66,7,11,67,7,11,68,7,11,59,7,12,62,7,12,63,7,12,64,7,12,65,7,12,68,7,12,59,7,13,61,7,13,62,7,13,63,7,13,64,7,13,65,7,13,68,7,13,59,7,14,60,7,14,62,7,14,63,7,14,64,7,14,65,7,14,66,7,14,67,7,14,68,7,14,63,7,15,64,7,15,59,7,18,60,7,18,61,7,18,66,7,18,67,7,18,68,7,18,58,7,19,61,7,19,65,7,19,68,7,19,58,7,20,62,7,20,65,7,20,
68,7,20,58,7,21,62,7,21,65,7,21,68,7,21,59,7,22,61,7,22,66,7,22,68,7,22,59,7,23,61,7,23,66,7,23,68,7,23,59,7,24,61,7,24,66,7,24,68,7,24,59,7,25,60,7,25,61,7,25,66,7,25,67,7,25,68,7,25,59,7,26,60,7,26,61,7,26,66,7,26,67,7,26,68,7,26,59,7,29,60,7,29,67,7,29,68,7,29,59,7,30,60,7,30,67,7,30,60,7,31,67,7,31,63,7,41,64,7,41,63,7,42,64,7,42,62,7,43,63,7,43,64,7,43,62,7,44,65,7,44,62,7,45,65,7,45,62,7,46,65,7,46,62,7,47,65,7,47,62,7,48,65,7,48,62,7,49,63,7,49,64,7,49,65,7,49,62,7,50,63,7,50,64,7,50,63,7,51,64,7,51,62,7,52,63,7,52,64,7,52,62,7,53,63,7,53,64,7,53,65,7,53,62,7,54,63,7,54,64,7,54,65,7,54,62,7,55,63,7,55,64,7,55,65,7,55,62,7,56,64,7,56,65,7,56,62,7,57,65,7,57,62,7,63,65,7,63,62,7,64,65,7,64,62,7,65,65,7,65,63,8,7,64,8,7,62,8,8,63,8,8,64,8,8,65,8,8,61,8,9,65,8,9,66,8,9,61,8,10,
66,8,10,59,8,11,60,8,11,67,8,11,68,8,11,59,8,12,68,8,12,59,8,13,68,8,13,59,8,14,60,8,14,61,8,14,66,8,14,67,8,14,68,8,14,61,8,15,62,8,15,65,8,15,62,8,16,63,8,16,64,8,16,65,8,16,62,8,17,63,8,17,64,8,17,65,8,17,59,8,18,60,8,18,61,8,18,63,8,18,64,8,18,66,8,18,67,8,18,68,8,18,58,8,19,62,8,19,63,8,19,64,8,19,65,8,19,68,8,19,58,8,20,62,8,20,65,8,20,69,8,20,58,8,21,62,8,21,65,8,21,69,8,21,58,8,22,62,8,22,65,8,22,68,8,22,58,8,23,59,8,23,62,8,23,65,8,23,68,8,23,60,8,24,61,8,24,62,8,24,65,8,24,66,8,24,67,8,24,60,8,30,67,8,30,60,8,31,67,8,31,63,8,38,63,8,39,64,8,39,62,8,40,63,8,40,64,8,40,62,8,41,65,8,41,62,8,42,65,8,42,62,8,43,65,8,43,62,8,44,65,8,44,62,8,45,65,8,45,62,8,46,65,8,46,62,8,47,65,8,47,62,8,48,63,8,48,64,8,48,65,8,48,62,8,54,65,8,54,62,8,55,65,8,55,62,8,56,65,8,56,62,8,57,65,8,57,62,9,7,
63,9,7,64,9,7,65,9,7,61,9,8,66,9,8,60,9,9,67,9,9,59,9,10,60,9,10,67,9,10,68,9,10,59,9,11,68,9,11,59,9,12,68,9,12,59,9,13,68,9,13,59,9,14,60,9,14,67,9,14,68,9,14,61,9,15,66,9,15,61,9,16,66,9,16,61,9,17,66,9,17,59,9,18,60,9,18,62,9,18,65,9,18,67,9,18,68,9,18,58,9,19,68,9,19,58,9,20,63,9,20,64,9,20,69,9,20,58,9,21,63,9,21,64,9,21,69,9,21,58,9,22,63,9,22,64,9,22,69,9,22,58,9,23,63,9,23,64,9,23,69,9,23,59,9,24,63,9,24,64,9,24,68,9,24,59,9,25,60,9,25,61,9,25,62,9,25,63,9,25,64,9,25,65,9,25,66,9,25,67,9,25,60,9,26,61,9,26,62,9,26,63,9,26,64,9,26,65,9,26,66,9,26,67,9,26,63,9,27,64,9,27,63,9,35,64,9,35,63,9,36,64,9,36,62,9,37,63,9,37,64,9,37,62,9,38,64,9,38,65,9,38,62,9,39,65,9,39,62,9,40,65,9,40,62,9,41,65,9,41,62,9,42,65,9,42,62,9,43,65,9,43,62,9,44,65,9,44,62,9,45,65,9,45,62,9,46,65,9,46,
62,9,47,63,9,47,65,9,47,62,9,48,63,9,48,64,9,48,65,9,48,62,9,49,65,9,49,62,10,6,63,10,6,64,10,6,61,10,7,65,10,7,66,10,7,61,10,8,66,10,8,60,10,9,67,10,9,59,10,10,68,10,10,59,10,11,68,10,11,59,10,12,68,10,12,59,10,13,68,10,13,59,10,14,68,10,14,60,10,15,67,10,15,61,10,16,66,10,16,61,10,17,66,10,17,61,10,18,66,10,18,59,10,19,60,10,19,67,10,19,68,10,19,58,10,20,69,10,20,58,10,21,69,10,21,58,10,22,69,10,22,58,10,23,69,10,23,58,10,24,68,10,24,59,10,25,68,10,25,59,10,26,68,10,26,60,10,27,61,10,27,62,10,27,65,10,27,66,10,27,67,10,27,61,10,28,62,10,28,63,10,28,64,10,28,65,10,28,66,10,28,62,10,29,63,10,29,64,10,29,65,10,29,63,10,30,64,10,30,63,10,31,64,10,31,62,10,32,63,10,32,64,10,32,62,10,33,63,10,33,64,10,33,62,10,34,63,10,34,64,10,34,65,10,34,62,10,35,65,10,35,62,10,36,65,10,36,62,10,37,65,10,37,62,10,38,65,10,38,62,10,39,65,10,39,62,10,40,65,10,40,62,10,41,63,10,41,65,10,41,
62,10,42,63,10,42,64,10,42,63,10,43,64,10,43,62,10,44,63,10,44,64,10,44,62,10,45,63,10,45,64,10,45,62,10,46,63,10,46,64,10,46,65,10,46,62,10,47,64,10,47,65,10,47,62,10,48,64,10,48,65,10,48,62,10,49,65,10,49,62,10,50,65,10,50,62,11,6,63,11,6,64,11,6,65,11,6,61,11,7,66,11,7,61,11,8,66,11,8,59,11,9,60,11,9,67,11,9,59,11,10,68,11,10,59,11,11,68,11,11,59,11,12,68,11,12,59,11,13,68,11,13,59,11,14,68,11,14,60,11,15,67,11,15,60,11,16,67,11,16,60,11,17,67,11,17,60,11,18,66,11,18,59,11,19,67,11,19,68,11,19,59,11,20,68,11,20,58,11,21,69,11,21,58,11,22,69,11,22,58,11,23,69,11,23,58,11,24,68,11,24,58,11,25,68,11,25,59,11,26,68,11,26,59,11,27,67,11,27,60,11,28,66,11,28,61,11,29,66,11,29,61,11,30,62,11,30,65,11,30,62,11,31,65,11,31,62,11,32,65,11,32,62,11,33,65,11,33,62,11,34,65,11,34,62,11,35,65,11,35,62,11,36,65,11,36,62,11,37,65,11,37,62,11,38,65,11,38,62,11,39,65,11,39,62,11,40,63,11,40,
65,11,40,62,11,41,64,11,41,65,11,41,62,11,42,65,11,42,62,12,6,63,12,6,64,12,6,65,12,6,61,12,7,66,12,7,61,12,8,66,12,8,60,12,9,67,12,9,59,12,10,68,12,10,59,12,11,68,12,11,59,12,12,68,12,12,59,12,13,68,12,13,59,12,14,68,12,14,60,12,15,67,12,15,60,12,16,67,12,16,60,12,17,67,12,17,60,12,18,67,12,18,60,12,19,67,12,19,59,12,20,68,12,20,58,12,21,68,12,21,58,12,22,68,12,22,58,12,23,68,12,23,58,12,24,68,12,24,58,12,25,68,12,25,59,12,26,68,12,26,59,12,27,68,12,27,60,12,28,67,12,28,61,12,29,66,12,29,61,12,30,66,12,30,76,12,30,51,12,31,52,12,31,61,12,31,65,12,31,75,12,31,76,12,31,51,12,32,52,12,32,62,12,32,65,12,32,75,12,32,76,12,32,51,12,33,52,12,33,62,12,33,65,12,33,75,12,33,76,12,33,62,12,34,65,12,34,62,12,35,65,12,35,62,12,36,63,12,36,64,12,36,65,12,36,62,12,37,63,12,37,64,12,37,65,12,37,62,12,38,63,12,38,64,12,38,65,12,38,62,12,39,63,12,39,64,12,39,65,12,39,62,12,40,63,12,40,64,12,40,
65,12,40,62,12,41,64,12,41,65,12,41,62,12,42,65,12,42,62,12,43,65,12,43,62,13,6,63,13,6,64,13,6,65,13,6,61,13,7,65,13,7,61,13,8,66,13,8,61,13,9,66,13,9,60,13,10,67,13,10,59,13,11,67,13,11,59,13,12,68,13,12,59,13,13,68,13,13,60,13,14,67,13,14,60,13,15,67,13,15,60,13,16,67,13,16,59,13,17,68,13,17,57,13,18,58,13,18,59,13,18,68,13,18,69,13,18,57,13,19,58,13,19,59,13,19,68,13,19,69,13,19,70,13,19,58,13,20,69,13,20,58,13,21,69,13,21,57,13,22,68,13,22,69,13,22,70,13,22,56,13,23,57,13,23,58,13,23,68,13,23,70,13,23,71,13,23,55,13,24,56,13,24,59,13,24,68,13,24,71,13,24,72,13,24,54,13,25,55,13,25,59,13,25,68,13,25,71,13,25,72,13,25,73,13,25,53,13,26,54,13,26,55,13,26,59,13,26,68,13,26,72,13,26,73,13,26,74,13,26,52,13,27,53,13,27,54,13,27,59,13,27,68,13,27,73,13,27,74,13,27,75,13,27,51,13,28,52,13,28,53,13,28,60,13,28,67,13,28,74,13,28,75,13,28,76,13,28,77,13,28,50,13,29,51,13,29,52,13,29,
61,13,29,66,13,29,75,13,29,76,13,29,77,13,29,50,13,30,51,13,30,61,13,30,66,13,30,76,13,30,77,13,30,50,13,31,52,13,31,62,13,31,65,13,31,75,13,31,77,13,31,51,13,32,52,13,32,62,13,32,65,13,32,75,13,32,76,13,32,62,13,33,65,13,33,62,13,34,63,13,34,64,13,34,65,13,34,63,13,35,64,13,35,62,14,6,63,14,6,64,14,6,65,14,6,62,14,7,65,14,7,62,14,8,65,14,8,62,14,9,65,14,9,61,14,10,62,14,10,65,14,10,66,14,10,58,14,11,59,14,11,60,14,11,67,14,11,68,14,11,69,14,11,58,14,12,69,14,12,58,14,13,68,14,13,59,14,14,68,14,14,59,14,15,68,14,15,58,14,16,59,14,16,68,14,16,69,14,16,58,14,17,69,14,17,56,14,18,57,14,18,70,14,18,71,14,18,56,14,19,71,14,19,56,14,20,57,14,20,60,14,20,67,14,20,70,14,20,71,14,20,56,14,21,57,14,21,59,14,21,60,14,21,67,14,21,68,14,21,70,14,21,71,14,21,56,14,22,58,14,22,59,14,22,60,14,22,67,14,22,69,14,22,71,14,22,55,14,23,57,14,23,59,14,23,68,14,23,70,14,23,72,14,23,73,14,23,54,14,24,
56,14,24,59,14,24,68,14,24,71,14,24,73,14,24,74,14,24,53,14,25,55,14,25,59,14,25,68,14,25,71,14,25,72,14,25,74,14,25,75,14,25,76,14,25,50,14,26,52,14,26,54,14,26,55,14,26,59,14,26,68,14,26,72,14,26,73,14,26,75,14,26,76,14,26,77,14,26,50,14,27,51,14,27,53,14,27,54,14,27,60,14,27,67,14,27,73,14,27,74,14,27,76,14,27,77,14,27,50,14,28,52,14,28,53,14,28,60,14,28,66,14,28,67,14,28,74,14,28,75,14,28,78,14,28,49,14,29,52,14,29,61,14,29,66,14,29,75,14,29,78,14,29,49,14,30,51,14,30,62,14,30,65,14,30,76,14,30,78,14,30,49,14,31,50,14,31,51,14,31,62,14,31,64,14,31,65,14,31,76,14,31,77,14,31,78,14,31,79,14,31,48,14,32,49,14,32,62,14,32,63,14,32,64,14,32,78,14,32,79,14,32,63,14,33,64,14,33,62,15,6,63,15,6,64,15,6,62,15,7,65,15,7,62,15,8,65,15,8,62,15,9,65,15,9,57,15,10,58,15,10,59,15,10,60,15,10,63,15,10,64,15,10,67,15,10,68,15,10,69,15,10,70,15,10,55,15,11,56,15,11,57,15,11,61,15,11,62,15,11,
63,15,11,64,15,11,65,15,11,66,15,11,70,15,11,71,15,11,72,15,11,55,15,12,56,15,12,57,15,12,63,15,12,64,15,12,70,15,12,71,15,12,72,15,12,56,15,13,57,15,13,63,15,13,69,15,13,70,15,13,71,15,13,54,15,14,55,15,14,56,15,14,57,15,14,58,15,14,63,15,14,69,15,14,70,15,14,71,15,14,72,15,14,73,15,14,54,15,15,55,15,15,56,15,15,57,15,15,58,15,15,69,15,15,70,15,15,71,15,15,72,15,15,73,15,15,57,15,16,62,15,16,65,15,16,70,15,16,57,15,17,65,15,17,70,15,17,55,15,18,56,15,18,61,15,18,66,15,18,71,15,18,72,15,18,54,15,19,55,15,19,60,15,19,66,15,19,67,15,19,72,15,19,73,15,19,74,15,19,54,15,20,55,15,20,59,15,20,61,15,20,66,15,20,68,15,20,72,15,20,73,15,20,55,15,21,58,15,21,61,15,21,66,15,21,69,15,21,72,15,21,54,15,22,55,15,22,57,15,22,61,15,22,66,15,22,70,15,22,72,15,22,73,15,22,76,15,22,50,15,23,51,15,23,53,15,23,54,15,23,55,15,23,56,15,23,60,15,23,67,15,23,71,15,23,72,15,23,74,15,23,75,15,23,76,15,23,77,15,23,
50,15,24,51,15,24,52,15,24,53,15,24,54,15,24,55,15,24,60,15,24,67,15,24,72,15,24,73,15,24,75,15,24,76,15,24,77,15,24,50,15,25,51,15,25,52,15,25,53,15,25,54,15,25,60,15,25,67,15,25,73,15,25,74,15,25,77,15,25,78,15,25,49,15,26,51,15,26,52,15,26,53,15,26,60,15,26,67,15,26,74,15,26,75,15,26,78,15,26,49,15,27,52,15,27,60,15,27,61,15,27,66,15,27,75,15,27,78,15,27,48,15,28,49,15,28,50,15,28,51,15,28,61,15,28,62,15,28,65,15,28,76,15,28,77,15,28,79,15,28,48,15,29,50,15,29,51,15,29,62,15,29,63,15,29,64,15,29,65,15,29,76,15,29,77,15,29,79,15,29,48,15,30,50,15,30,62,15,30,63,15,30,64,15,30,77,15,30,78,15,30,79,15,30,80,15,30,47,15,31,48,15,31,49,15,31,50,15,31,63,15,31,78,15,31,80,15,31,47,15,32,49,15,32,78,15,32,80,15,32,81,15,32,46,15,33,47,15,33,48,15,33,79,15,33,80,15,33,81,15,33,46,15,34,47,15,34,81,15,34,63,16,6,64,16,6,62,16,7,65,16,7,62,16,8,65,16,8,62,16,9,65,16,9,54,16,10,55,16,10,
56,16,10,57,16,10,58,16,10,59,16,10,60,16,10,63,16,10,64,16,10,67,16,10,68,16,10,69,16,10,70,16,10,71,16,10,72,16,10,73,16,10,53,16,11,54,16,11,61,16,11,62,16,11,65,16,11,66,16,11,73,16,11,74,16,11,53,16,12,54,16,12,62,16,12,65,16,12,73,16,12,74,16,12,54,16,13,55,16,13,62,16,13,64,16,13,72,16,13,73,16,13,52,16,14,53,16,14,62,16,14,64,16,14,65,16,14,74,16,14,75,16,14,51,16,15,52,16,15,53,16,15,62,16,15,63,16,15,64,16,15,65,16,15,74,16,15,75,16,15,76,16,15,50,16,16,51,16,16,52,16,16,53,16,16,54,16,16,55,16,16,56,16,16,57,16,16,58,16,16,59,16,16,60,16,16,61,16,16,63,16,16,64,16,16,66,16,16,67,16,16,68,16,16,69,16,16,70,16,16,71,16,16,72,16,16,73,16,16,74,16,16,75,16,16,76,16,16,77,16,16,53,16,17,54,16,17,55,16,17,56,16,17,57,16,17,58,16,17,59,16,17,60,16,17,61,16,17,62,16,17,63,16,17,64,16,17,66,16,17,67,16,17,68,16,17,69,16,17,70,16,17,71,16,17,72,16,17,73,16,17,74,16,17,54,16,18,58,16,18,
59,16,18,60,16,18,62,16,18,63,16,18,64,16,18,65,16,18,67,16,18,68,16,18,69,16,18,73,16,18,53,16,19,59,16,19,61,16,19,62,16,19,63,16,19,64,16,19,65,16,19,68,16,19,74,16,19,51,16,20,52,16,20,53,16,20,58,16,20,59,16,20,61,16,20,62,16,20,63,16,20,64,16,20,65,16,20,66,16,20,69,16,20,74,16,20,75,16,20,76,16,20,50,16,21,51,16,21,52,16,21,53,16,21,54,16,21,56,16,21,57,16,21,61,16,21,62,16,21,63,16,21,64,16,21,65,16,21,66,16,21,70,16,21,71,16,21,73,16,21,74,16,21,75,16,21,76,16,21,77,16,21,50,16,22,51,16,22,52,16,22,53,16,22,55,16,22,56,16,22,61,16,22,62,16,22,63,16,22,64,16,22,65,16,22,66,16,22,71,16,22,72,16,22,74,16,22,75,16,22,77,16,22,78,16,22,49,16,23,52,16,23,53,16,23,54,16,23,61,16,23,62,16,23,64,16,23,65,16,23,66,16,23,73,16,23,74,16,23,78,16,23,49,16,24,53,16,24,61,16,24,62,16,24,64,16,24,65,16,24,66,16,24,74,16,24,78,16,24,79,16,24,48,16,25,49,16,25,52,16,25,61,16,25,62,16,25,63,16,25,
64,16,25,65,16,25,66,16,25,75,16,25,76,16,25,77,16,25,79,16,25,48,16,26,50,16,26,51,16,26,61,16,26,62,16,26,63,16,26,64,16,26,65,16,26,66,16,26,76,16,26,77,16,26,78,16,26,79,16,26,47,16,27,48,16,27,49,16,27,50,16,27,51,16,27,62,16,27,63,16,27,64,16,27,65,16,27,76,16,27,77,16,27,78,16,27,79,16,27,80,16,27,47,16,28,49,16,28,63,16,28,64,16,28,78,16,28,80,16,28,47,16,29,49,16,29,78,16,29,79,16,29,80,16,29,81,16,29,46,16,30,47,16,30,48,16,30,49,16,30,79,16,30,81,16,30,46,16,31,48,16,31,79,16,31,81,16,31,46,16,32,48,16,32,79,16,32,80,16,32,82,16,32,45,16,33,47,16,33,48,16,33,80,16,33,82,16,33,45,16,34,46,16,34,47,16,34,81,16,34,82,16,34,83,16,34,45,16,35,82,16,35,83,16,35,63,17,6,64,17,6,62,17,7,65,17,7,62,17,8,65,17,8,62,17,9,65,17,9,52,17,10,53,17,10,54,17,10,55,17,10,56,17,10,57,17,10,58,17,10,59,17,10,63,17,10,64,17,10,68,17,10,69,17,10,70,17,10,71,17,10,72,17,10,73,17,10,74,17,10,
75,17,10,51,17,11,52,17,11,58,17,11,59,17,11,60,17,11,61,17,11,66,17,11,67,17,11,68,17,11,69,17,11,75,17,11,76,17,11,51,17,12,52,17,12,58,17,12,59,17,12,60,17,12,61,17,12,62,17,12,65,17,12,66,17,12,67,17,12,68,17,12,69,17,12,75,17,12,76,17,12,52,17,13,53,17,13,60,17,13,61,17,13,65,17,13,66,17,13,67,17,13,74,17,13,75,17,13,50,17,14,51,17,14,60,17,14,61,17,14,66,17,14,67,17,14,76,17,14,77,17,14,49,17,15,50,17,15,55,17,15,56,17,15,57,17,15,58,17,15,59,17,15,60,17,15,61,17,15,66,17,15,67,17,15,68,17,15,69,17,15,70,17,15,71,17,15,72,17,15,77,17,15,78,17,15,48,17,16,49,17,16,54,17,16,55,17,16,56,17,16,71,17,16,72,17,16,73,17,16,78,17,16,79,17,16,48,17,17,49,17,17,50,17,17,51,17,17,52,17,17,55,17,17,56,17,17,71,17,17,72,17,17,73,17,17,75,17,17,76,17,17,77,17,17,78,17,17,79,17,17,49,17,18,50,17,18,51,17,18,52,17,18,53,17,18,56,17,18,57,17,18,70,17,18,71,17,18,74,17,18,75,17,18,76,17,18,77,17,18,
78,17,18,49,17,19,50,17,19,51,17,19,52,17,19,56,17,19,57,17,19,58,17,19,69,17,19,70,17,19,71,17,19,75,17,19,76,17,19,77,17,19,78,17,19,48,17,20,49,17,20,50,17,20,56,17,20,57,17,20,70,17,20,71,17,20,77,17,20,78,17,20,79,17,20,48,17,21,49,17,21,55,17,21,72,17,21,73,17,21,76,17,21,78,17,21,79,17,21,48,17,22,49,17,22,50,17,22,53,17,22,54,17,22,73,17,22,74,17,22,76,17,22,77,17,22,79,17,22,48,17,23,50,17,23,51,17,23,52,17,23,63,17,23,75,17,23,76,17,23,77,17,23,79,17,23,80,17,23,47,17,24,48,17,24,50,17,24,51,17,24,52,17,24,63,17,24,75,17,24,76,17,24,77,17,24,78,17,24,80,17,24,47,17,25,49,17,25,50,17,25,51,17,25,78,17,25,79,17,25,80,17,25,46,17,26,47,17,26,49,17,26,79,17,26,80,17,26,81,17,26,46,17,27,48,17,27,79,17,27,80,17,27,81,17,27,46,17,28,47,17,28,48,17,28,79,17,28,80,17,28,81,17,28,82,17,28,45,17,29,46,17,29,47,17,29,48,17,29,80,17,29,82,17,29,45,17,30,47,17,30,80,17,30,81,17,30,82,17,30,
45,17,31,46,17,31,47,17,31,80,17,31,81,17,31,82,17,31,83,17,31,44,17,32,45,17,32,46,17,32,47,17,32,81,17,32,83,17,32,44,17,33,46,17,33,81,17,33,82,17,33,83,17,33,84,17,33,43,17,34,44,17,34,45,17,34,46,17,34,82,17,34,84,17,34,43,17,35,44,17,35,45,17,35,82,17,35,84,17,35,43,17,36,44,17,36,83,17,36,84,17,36,85,17,36,84,17,37,85,17,37,63,18,6,64,18,6,62,18,7,65,18,7,62,18,8,65,18,8,50,18,9,51,18,9,52,18,9,53,18,9,54,18,9,62,18,9,65,18,9,72,18,9,73,18,9,74,18,9,75,18,9,76,18,9,77,18,9,50,18,10,51,18,10,55,18,10,56,18,10,57,18,10,62,18,10,64,18,10,70,18,10,71,18,10,76,18,10,77,18,10,49,18,11,50,18,11,56,18,11,57,18,11,62,18,11,63,18,11,64,18,11,70,18,11,71,18,11,77,18,11,78,18,11,50,18,12,53,18,12,54,18,12,55,18,12,56,18,12,57,18,12,62,18,12,63,18,12,64,18,12,70,18,12,71,18,12,72,18,12,73,18,12,74,18,12,77,18,12,50,18,13,51,18,13,53,18,13,54,18,13,55,18,13,56,18,13,57,18,13,
58,18,13,59,18,13,68,18,13,69,18,13,70,18,13,71,18,13,72,18,13,73,18,13,74,18,13,76,18,13,77,18,13,49,18,14,54,18,14,55,18,14,56,18,14,57,18,14,58,18,14,59,18,14,68,18,14,69,18,14,70,18,14,71,18,14,72,18,14,73,18,14,78,18,14,48,18,15,53,18,15,54,18,15,73,18,15,74,18,15,79,18,15,47,18,16,52,18,16,53,18,16,74,18,16,75,18,16,80,18,16,81,18,16,46,18,17,47,18,17,51,18,17,52,18,17,53,18,17,54,18,17,74,18,17,75,18,17,76,18,17,80,18,17,81,18,17,46,18,18,47,18,18,48,18,18,51,18,18,52,18,18,53,18,18,54,18,18,55,18,18,72,18,18,73,18,18,74,18,18,75,18,18,76,18,18,79,18,18,80,18,18,81,18,18,47,18,19,48,18,19,50,18,19,51,18,19,52,18,19,53,18,19,54,18,19,55,18,19,72,18,19,73,18,19,74,18,19,75,18,19,76,18,19,77,18,19,79,18,19,80,18,19,47,18,20,50,18,20,51,18,20,52,18,20,53,18,20,54,18,20,55,18,20,72,18,20,73,18,20,74,18,20,75,18,20,76,18,20,77,18,20,80,18,20,81,18,20,47,18,21,49,18,21,50,18,21,51,18,21,
52,18,21,53,18,21,54,18,21,74,18,21,75,18,21,77,18,21,78,18,21,80,18,21,81,18,21,46,18,22,47,18,22,49,18,22,51,18,22,52,18,22,75,18,22,78,18,22,79,18,22,80,18,22,81,18,22,46,18,23,47,18,23,48,18,23,49,18,23,78,18,23,79,18,23,81,18,23,46,18,24,48,18,24,49,18,24,79,18,24,80,18,24,81,18,24,82,18,24,45,18,25,46,18,25,48,18,25,80,18,25,81,18,25,82,18,25,45,18,26,47,18,26,48,18,26,80,18,26,81,18,26,82,18,26,45,18,27,47,18,27,81,18,27,82,18,27,83,18,27,44,18,28,45,18,28,46,18,28,81,18,28,83,18,28,44,18,29,46,18,29,81,18,29,82,18,29,83,18,29,84,18,29,43,18,30,44,18,30,45,18,30,46,18,30,82,18,30,83,18,30,84,18,30,43,18,31,44,18,31,45,18,31,82,18,31,84,18,31,43,18,32,45,18,32,82,18,32,83,18,32,84,18,32,85,18,32,42,18,33,43,18,33,44,18,33,45,18,33,83,18,33,85,18,33,42,18,34,44,18,34,83,18,34,85,18,34,42,18,35,44,18,35,83,18,35,84,18,35,85,18,35,86,18,35,41,18,36,42,18,36,43,18,36,44,18,36,84,18,36,
86,18,36,41,18,37,42,18,37,43,18,37,84,18,37,85,18,37,86,18,37,41,18,38,86,18,38,87,18,38,62,19,7,63,19,7,64,19,7,65,19,7,50,19,8,51,19,8,62,19,8,65,19,8,76,19,8,77,19,8,48,19,9,49,19,9,52,19,9,53,19,9,54,19,9,62,19,9,65,19,9,73,19,9,74,19,9,75,19,9,78,19,9,79,19,9,47,19,10,48,19,10,49,19,10,53,19,10,54,19,10,55,19,10,62,19,10,64,19,10,72,19,10,73,19,10,78,19,10,79,19,10,80,19,10,47,19,11,48,19,11,53,19,11,54,19,11,55,19,11,62,19,11,63,19,11,64,19,11,72,19,11,73,19,11,74,19,11,79,19,11,80,19,11,48,19,12,49,19,12,50,19,12,51,19,12,52,19,12,75,19,12,76,19,12,77,19,12,78,19,12,79,19,12,47,19,13,48,19,13,49,19,13,50,19,13,51,19,13,52,19,13,75,19,13,76,19,13,77,19,13,78,19,13,79,19,13,80,19,13,47,19,14,48,19,14,50,19,14,51,19,14,52,19,14,53,19,14,74,19,14,75,19,14,76,19,14,77,19,14,79,19,14,80,19,14,47,19,15,51,19,15,52,19,15,75,19,15,76,19,15,80,19,15,46,19,16,51,19,16,
76,19,16,81,19,16,44,19,17,45,19,17,50,19,17,77,19,17,82,19,17,83,19,17,44,19,18,45,19,18,49,19,18,50,19,18,77,19,18,78,19,18,82,19,18,83,19,18,84,19,18,44,19,19,45,19,19,46,19,19,49,19,19,78,19,19,81,19,19,82,19,19,83,19,19,45,19,20,46,19,20,48,19,20,49,19,20,78,19,20,79,19,20,82,19,20,45,19,21,46,19,21,48,19,21,79,19,21,80,19,21,82,19,21,45,19,22,47,19,22,48,19,22,80,19,22,82,19,22,83,19,22,44,19,23,45,19,23,47,19,23,80,19,23,81,19,23,82,19,23,83,19,23,44,19,24,45,19,24,46,19,24,47,19,24,81,19,24,83,19,24,44,19,25,46,19,25,47,19,25,81,19,25,82,19,25,83,19,25,84,19,25,43,19,26,44,19,26,46,19,26,82,19,26,83,19,26,84,19,26,43,19,27,44,19,27,45,19,27,46,19,27,82,19,27,83,19,27,84,19,27,43,19,28,45,19,28,82,19,28,83,19,28,84,19,28,85,19,28,42,19,29,43,19,29,44,19,29,45,19,29,83,19,29,85,19,29,42,19,30,44,19,30,83,19,30,85,19,30,86,19,30,42,19,31,44,19,31,83,19,31,84,19,31,85,19,31,86,19,31,
41,19,32,42,19,32,43,19,32,44,19,32,84,19,32,86,19,32,41,19,33,43,19,33,84,19,33,86,19,33,41,19,34,43,19,34,84,19,34,85,19,34,86,19,34,87,19,34,40,19,35,41,19,35,42,19,35,43,19,35,85,19,35,87,19,35,40,19,36,42,19,36,85,19,36,87,19,36,88,19,36,40,19,37,42,19,37,85,19,37,86,19,37,87,19,37,88,19,37,39,19,38,40,19,38,41,19,38,86,19,38,88,19,38,39,19,39,40,19,39,87,19,39,88,19,39,89,19,39,88,19,40,89,19,40,63,20,6,64,20,6,62,20,7,64,20,7,45,20,8,46,20,8,47,20,8,48,20,8,49,20,8,50,20,8,51,20,8,62,20,8,65,20,8,76,20,8,77,20,8,78,20,8,79,20,8,80,20,8,81,20,8,82,20,8,44,20,9,45,20,9,46,20,9,47,20,9,51,20,9,52,20,9,62,20,9,65,20,9,75,20,9,76,20,9,80,20,9,81,20,9,82,20,9,83,20,9,41,20,10,42,20,10,43,20,10,44,20,10,45,20,10,46,20,10,51,20,10,52,20,10,62,20,10,64,20,10,74,20,10,75,20,10,76,20,10,81,20,10,82,20,10,83,20,10,84,20,10,85,20,10,86,20,10,38,20,11,39,20,11,
40,20,11,41,20,11,42,20,11,43,20,11,44,20,11,45,20,11,46,20,11,50,20,11,51,20,11,52,20,11,63,20,11,64,20,11,75,20,11,76,20,11,77,20,11,81,20,11,82,20,11,83,20,11,84,20,11,85,20,11,86,20,11,87,20,11,88,20,11,89,20,11,90,20,11,35,20,12,36,20,12,37,20,12,38,20,12,39,20,12,40,20,12,41,20,12,42,20,12,45,20,12,46,20,12,47,20,12,48,20,12,49,20,12,63,20,12,64,20,12,78,20,12,79,20,12,80,20,12,81,20,12,82,20,12,85,20,12,86,20,12,87,20,12,88,20,12,89,20,12,90,20,12,91,20,12,92,20,12,93,20,12,94,20,12,45,20,13,46,20,13,48,20,13,49,20,13,78,20,13,79,20,13,81,20,13,82,20,13,92,20,13,93,20,13,94,20,13,95,20,13,45,20,14,46,20,14,48,20,14,49,20,14,78,20,14,79,20,14,81,20,14,82,20,14,45,20,15,46,20,15,48,20,15,49,20,15,50,20,15,77,20,15,78,20,15,79,20,15,81,20,15,82,20,15,45,20,16,50,20,16,77,20,16,82,20,16,43,20,17,44,20,17,49,20,17,78,20,17,83,20,17,84,20,17,42,20,18,43,20,18,48,20,18,79,20,18,85,20,18,
42,20,19,43,20,19,47,20,19,48,20,19,79,20,19,80,20,19,84,20,19,85,20,19,86,20,19,42,20,20,43,20,20,44,20,20,47,20,20,80,20,20,81,20,20,83,20,20,84,20,20,85,20,20,86,20,20,43,20,21,44,20,21,46,20,21,47,20,21,81,20,21,83,20,21,84,20,21,43,20,22,44,20,22,45,20,22,46,20,22,81,20,22,82,20,22,84,20,22,43,20,23,45,20,23,46,20,23,82,20,23,84,20,23,85,20,23,42,20,24,43,20,24,45,20,24,82,20,24,83,20,24,84,20,24,85,20,24,42,20,25,43,20,25,44,20,25,45,20,25,83,20,25,85,20,25,42,20,26,44,20,26,45,20,26,83,20,26,84,20,26,85,20,26,86,20,26,42,20,27,44,20,27,84,20,27,85,20,27,86,20,27,41,20,28,42,20,28,44,20,28,84,20,28,86,20,28,41,20,29,43,20,29,84,20,29,85,20,29,86,20,29,40,20,30,41,20,30,43,20,30,84,20,30,85,20,30,87,20,30,40,20,31,41,20,31,42,20,31,43,20,31,85,20,31,87,20,31,40,20,32,42,20,32,85,20,32,87,20,32,88,20,32,40,20,33,42,20,33,85,20,33,86,20,33,87,20,33,88,20,33,39,20,34,40,20,34,41,20,34,
42,20,34,86,20,34,88,20,34,39,20,35,41,20,35,86,20,35,88,20,35,89,20,35,39,20,36,41,20,36,86,20,36,87,20,36,89,20,36,38,20,37,39,20,37,40,20,37,41,20,37,87,20,37,89,20,37,38,20,38,40,20,38,87,20,38,88,20,38,89,20,38,90,20,38,38,20,39,40,20,39,88,20,39,90,20,39,37,20,40,38,20,40,39,20,40,88,20,40,89,20,40,90,20,40,37,20,41,38,20,41,90,20,41,63,21,0,64,21,0,63,21,1,64,21,1,63,21,2,64,21,2,62,21,3,63,21,3,64,21,3,62,21,4,63,21,4,64,21,4,62,21,5,63,21,5,64,21,5,62,21,6,64,21,6,46,21,7,47,21,7,62,21,7,65,21,7,80,21,7,81,21,7,44,21,8,45,21,8,48,21,8,49,21,8,62,21,8,65,21,8,78,21,8,79,21,8,82,21,8,83,21,8,84,21,8,41,21,9,42,21,9,43,21,9,49,21,9,50,21,9,62,21,9,65,21,9,77,21,9,78,21,9,84,21,9,85,21,9,86,21,9,36,21,10,37,21,10,38,21,10,39,21,10,40,21,10,48,21,10,49,21,10,50,21,10,62,21,10,64,21,10,77,21,10,78,21,10,79,21,10,87,21,10,88,21,10,89,21,10,
90,21,10,91,21,10,32,21,11,33,21,11,34,21,11,35,21,11,36,21,11,37,21,11,47,21,11,48,21,11,49,21,11,63,21,11,64,21,11,78,21,11,79,21,11,80,21,11,91,21,11,92,21,11,93,21,11,94,21,11,95,21,11,96,21,11,30,21,12,31,21,12,32,21,12,33,21,12,34,21,12,40,21,12,41,21,12,42,21,12,43,21,12,44,21,12,46,21,12,47,21,12,63,21,12,64,21,12,80,21,12,81,21,12,83,21,12,84,21,12,95,21,12,96,21,12,97,21,12,98,21,12,28,21,13,29,21,13,30,21,13,31,21,13,32,21,13,33,21,13,34,21,13,35,21,13,36,21,13,37,21,13,38,21,13,39,21,13,43,21,13,44,21,13,46,21,13,47,21,13,80,21,13,81,21,13,83,21,13,84,21,13,85,21,13,86,21,13,87,21,13,88,21,13,89,21,13,90,21,13,91,21,13,96,21,13,97,21,13,98,21,13,99,21,13,27,21,14,28,21,14,29,21,14,30,21,14,31,21,14,32,21,14,33,21,14,43,21,14,44,21,14,46,21,14,47,21,14,80,21,14,81,21,14,83,21,14,84,21,14,85,21,14,90,21,14,91,21,14,92,21,14,93,21,14,94,21,14,95,21,14,96,21,14,97,21,14,98,21,14,
99,21,14,100,21,14,101,21,14,26,21,15,27,21,15,28,21,15,29,21,15,43,21,15,44,21,15,46,21,15,47,21,15,80,21,15,81,21,15,83,21,15,84,21,15,97,21,15,98,21,15,99,21,15,100,21,15,101,21,15,102,21,15,24,21,16,25,21,16,26,21,16,27,21,16,43,21,16,44,21,16,46,21,16,47,21,16,48,21,16,49,21,16,78,21,16,79,21,16,80,21,16,81,21,16,82,21,16,83,21,16,84,21,16,100,21,16,101,21,16,102,21,16,103,21,16,104,21,16,24,21,17,25,21,17,42,21,17,47,21,17,48,21,17,79,21,17,80,21,17,85,21,17,102,21,17,103,21,17,104,21,17,105,21,17,41,21,18,47,21,18,80,21,18,86,21,18,103,21,18,104,21,18,105,21,18,106,21,18,107,21,18,40,21,19,41,21,19,46,21,19,81,21,19,87,21,19,105,21,19,106,21,19,107,21,19,108,21,19,40,21,20,41,21,20,45,21,20,46,21,20,82,21,20,87,21,20,88,21,20,107,21,20,108,21,20,109,21,20,110,21,20,40,21,21,41,21,21,42,21,21,44,21,21,45,21,21,82,21,21,83,21,21,85,21,21,86,21,21,87,21,21,88,21,21,109,21,21,110,21,21,111,21,21,112,21,21,41,21,22,
42,21,22,44,21,22,83,21,22,84,21,22,85,21,22,86,21,22,110,21,22,111,21,22,112,21,22,113,21,22,41,21,23,42,21,23,43,21,23,44,21,23,83,21,23,84,21,23,86,21,23,112,21,23,113,21,23,114,21,23,115,21,23,41,21,24,43,21,24,44,21,24,84,21,24,85,21,24,86,21,24,87,21,24,113,21,24,114,21,24,115,21,24,116,21,24,117,21,24,40,21,25,41,21,25,43,21,25,84,21,25,85,21,25,86,21,25,87,21,25,115,21,25,116,21,25,117,21,25,118,21,25,9,21,26,10,21,26,11,21,26,40,21,26,41,21,26,42,21,26,43,21,26,85,21,26,87,21,26,116,21,26,117,21,26,118,21,26,119,21,26,120,21,26,7,21,27,8,21,27,9,21,27,40,21,27,41,21,27,42,21,27,43,21,27,85,21,27,86,21,27,87,21,27,88,21,27,118,21,27,119,21,27,120,21,27,121,21,27,6,21,28,7,21,28,8,21,28,40,21,28,42,21,28,43,21,28,85,21,28,86,21,28,87,21,28,88,21,28,119,21,28,120,21,28,121,21,28,122,21,28,6,21,29,7,21,29,39,21,29,40,21,29,42,21,29,86,21,29,87,21,29,88,21,29,120,21,29,121,21,29,122,21,29,123,21,29,39,21,30,
41,21,30,42,21,30,86,21,30,88,21,30,121,21,30,122,21,30,123,21,30,124,21,30,39,21,31,41,21,31,86,21,31,87,21,31,88,21,31,89,21,31,123,21,31,124,21,31,125,21,31,38,21,32,39,21,32,41,21,32,86,21,32,87,21,32,89,21,32,124,21,32,125,21,32,38,21,33,39,21,33,40,21,33,41,21,33,87,21,33,89,21,33,90,21,33,38,21,34,40,21,34,87,21,34,88,21,34,89,21,34,90,21,34,37,21,35,38,21,35,40,21,35,87,21,35,88,21,35,90,21,35,37,21,36,38,21,36,39,21,36,40,21,36,88,21,36,90,21,36,37,21,37,39,21,37,88,21,37,90,21,37,91,21,37,37,21,38,39,21,38,89,21,38,91,21,38,36,21,39,37,21,39,38,21,39,39,21,39,89,21,39,91,21,39,36,21,40,38,21,40,89,21,40,90,21,40,91,21,40,92,21,40,36,21,41,37,21,41,90,21,41,91,21,41,92,21,41,35,21,42,36,21,42,91,21,42,92,21,42,92,21,43,63,22,0,64,22,0,63,22,1,64,22,1,63,22,2,64,22,2,62,22,3,65,22,3,62,22,4,65,22,4,62,22,5,65,22,5,62,22,6,65,22,6,45,22,7,46,22,7,62,22,7,65,22,7,81,22,7,
82,22,7,41,22,8,42,22,8,43,22,8,44,22,8,47,22,8,62,22,8,65,22,8,80,22,8,83,22,8,84,22,8,85,22,8,86,22,8,40,22,9,47,22,9,48,22,9,62,22,9,65,22,9,79,22,9,80,22,9,87,22,9,36,22,10,37,22,10,38,22,10,39,22,10,47,22,10,62,22,10,64,22,10,80,22,10,88,22,10,89,22,10,90,22,10,91,22,10,92,22,10,31,22,11,32,22,11,33,22,11,34,22,11,35,22,11,46,22,11,62,22,11,63,22,11,64,22,11,81,22,11,93,22,11,94,22,11,95,22,11,96,22,11,29,22,12,30,22,12,41,22,12,42,22,12,43,22,12,44,22,12,45,22,12,82,22,12,83,22,12,84,22,12,85,22,12,86,22,12,97,22,12,98,22,12,28,22,13,36,22,13,37,22,13,38,22,13,39,22,13,40,22,13,41,22,13,42,22,13,43,22,13,44,22,13,45,22,13,82,22,13,83,22,13,84,22,13,85,22,13,86,22,13,87,22,13,88,22,13,89,22,13,90,22,13,91,22,13,92,22,13,99,22,13,26,22,14,27,22,14,34,22,14,35,22,14,36,22,14,37,22,14,38,22,14,39,22,14,40,22,14,41,22,14,42,22,14,43,22,14,44,22,14,45,22,14,82,22,14,
83,22,14,84,22,14,85,22,14,86,22,14,87,22,14,88,22,14,89,22,14,90,22,14,91,22,14,92,22,14,93,22,14,94,22,14,100,22,14,101,22,14,25,22,15,30,22,15,31,22,15,32,22,15,33,22,15,34,22,15,35,22,15,36,22,15,37,22,15,38,22,15,39,22,15,40,22,15,41,22,15,42,22,15,43,22,15,44,22,15,45,22,15,82,22,15,83,22,15,84,22,15,85,22,15,86,22,15,87,22,15,88,22,15,89,22,15,90,22,15,91,22,15,92,22,15,93,22,15,94,22,15,95,22,15,96,22,15,102,22,15,103,22,15,23,22,16,24,22,16,28,22,16,29,22,16,30,22,16,31,22,16,32,22,16,33,22,16,34,22,16,35,22,16,36,22,16,37,22,16,38,22,16,39,22,16,40,22,16,41,22,16,42,22,16,44,22,16,45,22,16,83,22,16,84,22,16,85,22,16,86,22,16,87,22,16,88,22,16,89,22,16,90,22,16,91,22,16,92,22,16,93,22,16,94,22,16,95,22,16,96,22,16,97,22,16,98,22,16,99,22,16,104,22,16,105,22,16,21,22,17,22,22,17,23,22,17,26,22,17,27,22,17,28,22,17,29,22,17,30,22,17,31,22,17,32,22,17,33,22,17,34,22,17,35,22,17,36,22,17,
40,22,17,41,22,17,44,22,17,45,22,17,46,22,17,81,22,17,82,22,17,83,22,17,84,22,17,86,22,17,87,22,17,88,22,17,89,22,17,90,22,17,91,22,17,92,22,17,93,22,17,94,22,17,95,22,17,96,22,17,97,22,17,98,22,17,99,22,17,100,22,17,101,22,17,106,22,17,107,22,17,19,22,18,20,22,18,21,22,18,22,22,18,23,22,18,24,22,18,25,22,18,40,22,18,45,22,18,46,22,18,81,22,18,82,22,18,87,22,18,95,22,18,96,22,18,97,22,18,98,22,18,99,22,18,100,22,18,101,22,18,102,22,18,108,22,18,109,22,18,17,22,19,18,22,19,19,22,19,20,22,19,21,22,19,22,22,19,23,22,19,24,22,19,39,22,19,45,22,19,82,22,19,88,22,19,101,22,19,102,22,19,103,22,19,104,22,19,109,22,19,110,22,19,16,22,20,17,22,20,18,22,20,19,22,20,20,22,20,21,22,20,22,22,20,38,22,20,39,22,20,44,22,20,83,22,20,89,22,20,103,22,20,104,22,20,105,22,20,106,22,20,111,22,20,112,22,20,14,22,21,15,22,21,16,22,21,17,22,21,18,22,21,19,22,21,20,22,21,21,22,21,38,22,21,39,22,21,43,22,21,84,22,21,89,22,21,105,22,21,
106,22,21,107,22,21,108,22,21,113,22,21,13,22,22,14,22,22,15,22,22,16,22,22,17,22,22,18,22,22,19,22,22,38,22,22,39,22,22,40,22,22,42,22,22,43,22,22,85,22,22,87,22,22,88,22,22,89,22,22,90,22,22,107,22,22,108,22,22,109,22,22,114,22,22,115,22,22,11,22,23,12,22,23,13,22,23,14,22,23,15,22,23,16,22,23,17,22,23,37,22,23,38,22,23,39,22,23,40,22,23,42,22,23,85,22,23,87,22,23,88,22,23,89,22,23,90,22,23,107,22,23,108,22,23,109,22,23,110,22,23,111,22,23,116,22,23,10,22,24,11,22,24,12,22,24,13,22,24,14,22,24,15,22,24,39,22,24,40,22,24,41,22,24,42,22,24,86,22,24,88,22,24,90,22,24,109,22,24,110,22,24,111,22,24,112,22,24,117,22,24,9,22,25,10,22,25,11,22,25,12,22,25,13,22,25,39,22,25,41,22,25,42,22,25,86,22,25,88,22,25,89,22,25,112,22,25,113,22,25,114,22,25,118,22,25,119,22,25,7,22,26,8,22,26,11,22,26,38,22,26,39,22,26,41,22,26,86,22,26,87,22,26,88,22,26,89,22,26,114,22,26,115,22,26,116,22,26,120,22,26,6,22,27,10,22,27,38,22,27,
39,22,27,40,22,27,41,22,27,87,22,27,89,22,27,117,22,27,121,22,27,5,22,28,9,22,28,38,22,28,39,22,28,40,22,28,41,22,28,87,22,28,88,22,28,89,22,28,90,22,28,118,22,28,122,22,28,123,22,28,4,22,29,5,22,29,8,22,29,38,22,29,40,22,29,41,22,29,87,22,29,88,22,29,89,22,29,90,22,29,118,22,29,119,22,29,123,22,29,124,22,29,3,22,30,4,22,30,5,22,30,6,22,30,7,22,30,37,22,30,38,22,30,40,22,30,87,22,30,88,22,30,89,22,30,90,22,30,118,22,30,119,22,30,120,22,30,124,22,30,125,22,30,2,22,31,3,22,31,4,22,31,5,22,31,6,22,31,37,22,31,38,22,31,40,22,31,88,22,31,90,22,31,118,22,31,119,22,31,120,22,31,121,22,31,122,22,31,124,22,31,125,22,31,126,22,31,0,22,32,1,22,32,2,22,32,3,22,32,4,22,32,5,22,32,37,22,32,39,22,32,40,22,32,88,22,32,90,22,32,91,22,32,118,22,32,119,22,32,120,22,32,121,22,32,122,22,32,123,22,32,124,22,32,125,22,32,126,22,32,127,22,32,0,22,33,1,22,33,2,22,33,3,22,33,4,22,33,36,22,33,37,22,33,39,22,33,88,22,33,
89,22,33,91,22,33,118,22,33,119,22,33,120,22,33,121,22,33,122,22,33,123,22,33,124,22,33,125,22,33,126,22,33,127,22,33,0,22,34,1,22,34,2,22,34,36,22,34,37,22,34,38,22,34,39,22,34,89,22,34,91,22,34,118,22,34,119,22,34,120,22,34,121,22,34,122,22,34,126,22,34,127,22,34,36,22,35,38,22,35,39,22,35,89,22,35,91,22,35,92,22,35,119,22,35,120,22,35,36,22,36,38,22,36,89,22,36,90,22,36,91,22,36,92,22,36,35,22,37,36,22,37,38,22,37,89,22,37,90,22,37,92,22,37,35,22,38,36,22,38,37,22,38,38,22,38,90,22,38,92,22,38,93,22,38,35,22,39,37,22,39,90,22,39,91,22,39,92,22,39,93,22,39,34,22,40,35,22,40,37,22,40,91,22,40,93,22,40,34,22,41,35,22,41,36,22,41,37,22,41,91,22,41,93,22,41,34,22,42,36,22,42,91,22,42,92,22,42,93,22,42,94,22,42,34,22,43,35,22,43,92,22,43,93,22,43,94,22,43,94,22,44,63,23,1,64,23,1,63,23,2,64,23,2,62,23,3,64,23,3,62,23,4,65,23,4,62,23,5,65,23,5,62,23,6,65,23,6,39,23,7,40,23,7,41,23,7,62,23,7,
65,23,7,86,23,7,87,23,7,88,23,7,39,23,8,40,23,8,42,23,8,43,23,8,44,23,8,45,23,8,46,23,8,62,23,8,65,23,8,81,23,8,82,23,8,83,23,8,84,23,8,85,23,8,87,23,8,88,23,8,40,23,9,43,23,9,44,23,9,45,23,9,46,23,9,63,23,9,64,23,9,81,23,9,82,23,9,83,23,9,84,23,9,87,23,9,37,23,10,38,23,10,39,23,10,40,23,10,41,23,10,42,23,10,43,23,10,44,23,10,45,23,10,46,23,10,63,23,10,64,23,10,81,23,10,82,23,10,83,23,10,84,23,10,85,23,10,86,23,10,87,23,10,88,23,10,89,23,10,90,23,10,32,23,11,33,23,11,34,23,11,35,23,11,36,23,11,37,23,11,38,23,11,39,23,11,40,23,11,41,23,11,42,23,11,43,23,11,44,23,11,45,23,11,82,23,11,83,23,11,84,23,11,85,23,11,86,23,11,87,23,11,88,23,11,89,23,11,90,23,11,91,23,11,92,23,11,93,23,11,94,23,11,95,23,11,30,23,12,31,23,12,32,23,12,33,23,12,34,23,12,35,23,12,36,23,12,37,23,12,38,23,12,39,23,12,40,23,12,87,23,12,88,23,12,89,23,12,90,23,12,91,23,12,92,23,12,93,23,12,
94,23,12,95,23,12,96,23,12,97,23,12,28,23,13,29,23,13,30,23,13,31,23,13,32,23,13,33,23,13,34,23,13,35,23,13,93,23,13,94,23,13,95,23,13,96,23,13,97,23,13,98,23,13,99,23,13,26,23,14,27,23,14,28,23,14,29,23,14,30,23,14,31,23,14,32,23,14,33,23,14,95,23,14,96,23,14,97,23,14,98,23,14,99,23,14,100,23,14,101,23,14,25,23,15,26,23,15,27,23,15,28,23,15,29,23,15,30,23,15,31,23,15,32,23,15,33,23,15,34,23,15,35,23,15,36,23,15,37,23,15,38,23,15,39,23,15,40,23,15,41,23,15,42,23,15,85,23,15,86,23,15,87,23,15,88,23,15,89,23,15,90,23,15,91,23,15,92,23,15,93,23,15,94,23,15,95,23,15,96,23,15,97,23,15,98,23,15,99,23,15,100,23,15,101,23,15,102,23,15,23,23,16,24,23,16,25,23,16,26,23,16,27,23,16,28,23,16,29,23,16,30,23,16,31,23,16,32,23,16,33,23,16,34,23,16,35,23,16,36,23,16,37,23,16,38,23,16,39,23,16,40,23,16,41,23,16,42,23,16,43,23,16,85,23,16,86,23,16,87,23,16,88,23,16,89,23,16,90,23,16,91,23,16,92,23,16,93,23,16,
94,23,16,95,23,16,96,23,16,97,23,16,98,23,16,99,23,16,100,23,16,101,23,16,102,23,16,103,23,16,104,23,16,21,23,17,22,23,17,25,23,17,26,23,17,27,23,17,28,23,17,29,23,17,30,23,17,31,23,17,32,23,17,33,23,17,34,23,17,35,23,17,36,23,17,37,23,17,38,23,17,39,23,17,40,23,17,41,23,17,42,23,17,43,23,17,85,23,17,86,23,17,87,23,17,88,23,17,89,23,17,90,23,17,91,23,17,92,23,17,93,23,17,94,23,17,95,23,17,96,23,17,97,23,17,98,23,17,99,23,17,100,23,17,101,23,17,102,23,17,103,23,17,104,23,17,105,23,17,106,23,17,19,23,18,20,23,18,24,23,18,25,23,18,26,23,18,27,23,18,28,23,18,29,23,18,30,23,18,31,23,18,32,23,18,33,23,18,34,23,18,35,23,18,36,23,18,37,23,18,38,23,18,39,23,18,41,23,18,42,23,18,43,23,18,44,23,18,83,23,18,84,23,18,85,23,18,86,23,18,88,23,18,89,23,18,90,23,18,91,23,18,92,23,18,93,23,18,94,23,18,95,23,18,96,23,18,97,23,18,98,23,18,99,23,18,100,23,18,101,23,18,102,23,18,103,23,18,104,23,18,105,23,18,106,23,18,107,23,18,
108,23,18,17,23,19,18,23,19,23,23,19,24,23,19,25,23,19,26,23,19,27,23,19,28,23,19,29,23,19,30,23,19,31,23,19,32,23,19,33,23,19,34,23,19,35,23,19,36,23,19,37,23,19,38,23,19,43,23,19,44,23,19,83,23,19,84,23,19,89,23,19,90,23,19,91,23,19,92,23,19,93,23,19,94,23,19,95,23,19,96,23,19,97,23,19,98,23,19,99,23,19,100,23,19,101,23,19,102,23,19,103,23,19,104,23,19,105,23,19,106,23,19,107,23,19,108,23,19,109,23,19,110,23,19,111,23,19,15,23,20,16,23,20,23,23,20,24,23,20,25,23,20,26,23,20,27,23,20,28,23,20,29,23,20,30,23,20,31,23,20,32,23,20,33,23,20,34,23,20,35,23,20,36,23,20,37,23,20,43,23,20,84,23,20,90,23,20,91,23,20,92,23,20,93,23,20,94,23,20,95,23,20,96,23,20,97,23,20,98,23,20,99,23,20,100,23,20,101,23,20,102,23,20,103,23,20,104,23,20,105,23,20,106,23,20,107,23,20,108,23,20,109,23,20,110,23,20,111,23,20,112,23,20,14,23,21,22,23,21,23,23,21,24,23,21,25,23,21,26,23,21,27,23,21,28,23,21,29,23,21,30,23,21,31,23,21,32,23,21,
33,23,21,37,23,21,42,23,21,85,23,21,90,23,21,91,23,21,92,23,21,93,23,21,94,23,21,95,23,21,96,23,21,97,23,21,98,23,21,99,23,21,100,23,21,101,23,21,102,23,21,103,23,21,104,23,21,105,23,21,106,23,21,107,23,21,108,23,21,109,23,21,110,23,21,111,23,21,112,23,21,113,23,21,13,23,22,20,23,22,21,23,22,22,23,22,23,23,22,24,23,22,25,23,22,26,23,22,27,23,22,28,23,22,29,23,22,36,23,22,37,23,22,41,23,22,86,23,22,91,23,22,93,23,22,94,23,22,95,23,22,96,23,22,97,23,22,98,23,22,99,23,22,100,23,22,101,23,22,102,23,22,103,23,22,104,23,22,105,23,22,106,23,22,108,23,22,109,23,22,110,23,22,111,23,22,112,23,22,113,23,22,114,23,22,115,23,22,11,23,23,12,23,23,18,23,23,19,23,23,20,23,23,21,23,23,22,23,23,23,23,23,24,23,23,25,23,23,26,23,23,27,23,23,36,23,23,40,23,23,41,23,23,86,23,23,87,23,23,91,23,23,97,23,23,98,23,23,99,23,23,100,23,23,101,23,23,102,23,23,103,23,23,104,23,23,105,23,23,106,23,23,109,23,23,110,23,23,111,23,23,112,23,23,113,23,23,114,23,23,
115,23,23,116,23,23,10,23,24,11,23,24,16,23,24,17,23,24,18,23,24,19,23,24,20,23,24,21,23,24,22,23,24,23,23,24,24,23,24,25,23,24,36,23,24,37,23,24,38,23,24,40,23,24,87,23,24,88,23,24,89,23,24,91,23,24,92,23,24,99,23,24,100,23,24,101,23,24,102,23,24,103,23,24,104,23,24,105,23,24,106,23,24,107,23,24,108,23,24,109,23,24,110,23,24,111,23,24,112,23,24,113,23,24,114,23,24,115,23,24,116,23,24,117,23,24,8,23,25,9,23,25,14,23,25,15,23,25,16,23,25,17,23,25,18,23,25,19,23,25,20,23,25,21,23,25,22,23,25,23,23,25,24,23,25,35,23,25,36,23,25,37,23,25,38,23,25,39,23,25,40,23,25,87,23,25,88,23,25,90,23,25,91,23,25,92,23,25,100,23,25,101,23,25,102,23,25,103,23,25,104,23,25,105,23,25,106,23,25,107,23,25,108,23,25,109,23,25,110,23,25,111,23,25,112,23,25,113,23,25,114,23,25,115,23,25,116,23,25,117,23,25,118,23,25,119,23,25,7,23,26,8,23,26,12,23,26,13,23,26,14,23,26,15,23,26,16,23,26,17,23,26,18,23,26,19,23,26,20,23,26,21,23,26,22,23,26,23,23,26,
24,23,26,35,23,26,36,23,26,37,23,26,39,23,26,40,23,26,88,23,26,90,23,26,91,23,26,92,23,26,93,23,26,100,23,26,101,23,26,102,23,26,103,23,26,104,23,26,105,23,26,106,23,26,107,23,26,108,23,26,109,23,26,110,23,26,111,23,26,112,23,26,113,23,26,114,23,26,115,23,26,116,23,26,117,23,26,118,23,26,119,23,26,120,23,26,6,23,27,7,23,27,11,23,27,12,23,27,13,23,27,14,23,27,15,23,27,16,23,27,17,23,27,18,23,27,19,23,27,20,23,27,21,23,27,22,23,27,23,23,27,24,23,27,35,23,27,36,23,27,37,23,27,39,23,27,88,23,27,89,23,27,90,23,27,91,23,27,92,23,27,93,23,27,101,23,27,102,23,27,103,23,27,104,23,27,105,23,27,106,23,27,107,23,27,108,23,27,109,23,27,110,23,27,111,23,27,112,23,27,113,23,27,114,23,27,115,23,27,116,23,27,117,23,27,118,23,27,119,23,27,120,23,27,121,23,27,5,23,28,6,23,28,10,23,28,11,23,28,12,23,28,13,23,28,14,23,28,15,23,28,16,23,28,17,23,28,18,23,28,19,23,28,20,23,28,21,23,28,22,23,28,23,23,28,24,23,28,36,23,28,37,23,28,39,23,28,89,23,28,
91,23,28,92,23,28,93,23,28,101,23,28,102,23,28,103,23,28,104,23,28,105,23,28,106,23,28,107,23,28,108,23,28,109,23,28,110,23,28,111,23,28,112,23,28,113,23,28,114,23,28,115,23,28,116,23,28,117,23,28,118,23,28,119,23,28,120,23,28,121,23,28,122,23,28,4,23,29,5,23,29,6,23,29,7,23,29,8,23,29,9,23,29,10,23,29,11,23,29,12,23,29,13,23,29,14,23,29,15,23,29,16,23,29,17,23,29,18,23,29,19,23,29,20,23,29,21,23,29,22,23,29,23,23,29,24,23,29,34,23,29,36,23,29,37,23,29,38,23,29,39,23,29,89,23,29,91,23,29,92,23,29,93,23,29,101,23,29,102,23,29,103,23,29,104,23,29,105,23,29,106,23,29,107,23,29,108,23,29,109,23,29,110,23,29,111,23,29,112,23,29,113,23,29,114,23,29,115,23,29,116,23,29,117,23,29,118,23,29,119,23,29,120,23,29,121,23,29,122,23,29,3,23,30,4,23,30,5,23,30,6,23,30,7,23,30,8,23,30,9,23,30,10,23,30,11,23,30,12,23,30,13,23,30,14,23,30,15,23,30,16,23,30,17,23,30,18,23,30,19,23,30,20,23,30,21,23,30,22,23,30,23,23,30,24,23,30,25,23,30,
34,23,30,36,23,30,38,23,30,39,23,30,89,23,30,91,23,30,92,23,30,93,23,30,94,23,30,101,23,30,102,23,30,103,23,30,104,23,30,105,23,30,106,23,30,107,23,30,108,23,30,109,23,30,110,23,30,111,23,30,112,23,30,113,23,30,114,23,30,115,23,30,116,23,30,117,23,30,118,23,30,119,23,30,120,23,30,121,23,30,122,23,30,123,23,30,2,23,31,3,23,31,4,23,31,5,23,31,6,23,31,7,23,31,8,23,31,9,23,31,10,23,31,11,23,31,12,23,31,13,23,31,14,23,31,15,23,31,16,23,31,17,23,31,18,23,31,19,23,31,20,23,31,21,23,31,22,23,31,23,23,31,24,23,31,25,23,31,33,23,31,34,23,31,35,23,31,36,23,31,38,23,31,39,23,31,89,23,31,90,23,31,91,23,31,92,23,31,93,23,31,94,23,31,101,23,31,102,23,31,103,23,31,104,23,31,105,23,31,106,23,31,107,23,31,108,23,31,109,23,31,110,23,31,111,23,31,112,23,31,113,23,31,114,23,31,115,23,31,116,23,31,117,23,31,118,23,31,119,23,31,120,23,31,121,23,31,123,23,31,1,23,32,2,23,32,3,23,32,4,23,32,5,23,32,6,23,32,7,23,32,8,23,32,9,23,32,10,23,32,
11,23,32,12,23,32,13,23,32,14,23,32,15,23,32,16,23,32,17,23,32,18,23,32,19,23,32,20,23,32,21,23,32,22,23,32,23,23,32,24,23,32,25,23,32,33,23,32,34,23,32,35,23,32,36,23,32,38,23,32,89,23,32,90,23,32,92,23,32,93,23,32,94,23,32,100,23,32,101,23,32,102,23,32,103,23,32,104,23,32,105,23,32,106,23,32,107,23,32,108,23,32,109,23,32,110,23,32,111,23,32,112,23,32,113,23,32,114,23,32,115,23,32,116,23,32,117,23,32,118,23,32,119,23,32,120,23,32,121,23,32,1,23,33,2,23,33,3,23,33,4,23,33,5,23,33,6,23,33,7,23,33,8,23,33,9,23,33,10,23,33,11,23,33,12,23,33,13,23,33,14,23,33,15,23,33,16,23,33,17,23,33,18,23,33,19,23,33,20,23,33,21,23,33,22,23,33,33,23,33,35,23,33,37,23,33,38,23,33,90,23,33,92,23,33,93,23,33,94,23,33,95,23,33,100,23,33,101,23,33,102,23,33,103,23,33,104,23,33,105,23,33,106,23,33,107,23,33,108,23,33,109,23,33,110,23,33,111,23,33,112,23,33,113,23,33,114,23,33,115,23,33,116,23,33,117,23,33,118,23,33,119,23,33,120,23,33,2,23,34,
4,23,34,5,23,34,6,23,34,7,23,34,8,23,34,9,23,34,10,23,34,11,23,34,12,23,34,13,23,34,14,23,34,15,23,34,16,23,34,17,23,34,18,23,34,19,23,34,20,23,34,33,23,34,35,23,34,37,23,34,90,23,34,92,23,34,93,23,34,94,23,34,95,23,34,100,23,34,101,23,34,102,23,34,103,23,34,104,23,34,105,23,34,106,23,34,107,23,34,108,23,34,109,23,34,110,23,34,111,23,34,112,23,34,113,23,34,114,23,34,115,23,34,116,23,34,117,23,34,118,23,34,119,23,34,120,23,34,6,23,35,7,23,35,8,23,35,9,23,35,10,23,35,11,23,35,12,23,35,13,23,35,14,23,35,15,23,35,16,23,35,17,23,35,18,23,35,19,23,35,20,23,35,32,23,35,33,23,35,34,23,35,35,23,35,37,23,35,90,23,35,91,23,35,93,23,35,94,23,35,95,23,35,100,23,35,101,23,35,102,23,35,103,23,35,104,23,35,105,23,35,106,23,35,107,23,35,108,23,35,109,23,35,110,23,35,111,23,35,112,23,35,113,23,35,114,23,35,115,23,35,116,23,35,117,23,35,118,23,35,119,23,35,8,23,36,9,23,36,10,23,36,11,23,36,12,23,36,13,23,36,14,23,36,15,23,36,16,23,36,
17,23,36,18,23,36,19,23,36,20,23,36,32,23,36,33,23,36,34,23,36,35,23,36,36,23,36,37,23,36,91,23,36,93,23,36,94,23,36,95,23,36,101,23,36,102,23,36,103,23,36,104,23,36,105,23,36,106,23,36,107,23,36,108,23,36,109,23,36,110,23,36,111,23,36,112,23,36,113,23,36,114,23,36,115,23,36,116,23,36,117,23,36,118,23,36,10,23,37,11,23,37,12,23,37,13,23,37,14,23,37,15,23,37,16,23,37,17,23,37,18,23,37,19,23,37,20,23,37,32,23,37,33,23,37,34,23,37,36,23,37,37,23,37,91,23,37,93,23,37,94,23,37,95,23,37,102,23,37,103,23,37,104,23,37,105,23,37,106,23,37,107,23,37,108,23,37,109,23,37,110,23,37,111,23,37,112,23,37,113,23,37,114,23,37,115,23,37,116,23,37,13,23,38,14,23,38,15,23,38,16,23,38,17,23,38,18,23,38,19,23,38,20,23,38,32,23,38,34,23,38,36,23,38,91,23,38,92,23,38,94,23,38,95,23,38,102,23,38,103,23,38,104,23,38,105,23,38,106,23,38,107,23,38,108,23,38,109,23,38,110,23,38,111,23,38,112,23,38,113,23,38,114,23,38,15,23,39,16,23,39,17,23,39,18,23,39,19,23,39,
20,23,39,32,23,39,33,23,39,34,23,39,36,23,39,92,23,39,94,23,39,95,23,39,96,23,39,101,23,39,102,23,39,103,23,39,104,23,39,105,23,39,106,23,39,107,23,39,108,23,39,109,23,39,110,23,39,111,23,39,112,23,39,17,23,40,18,23,40,19,23,40,20,23,40,32,23,40,33,23,40,35,23,40,36,23,40,92,23,40,94,23,40,95,23,40,96,23,40,100,23,40,101,23,40,102,23,40,103,23,40,104,23,40,105,23,40,106,23,40,107,23,40,108,23,40,109,23,40,33,23,41,35,23,41,92,23,41,93,23,41,94,23,41,95,23,41,96,23,41,100,23,41,101,23,41,102,23,41,103,23,41,104,23,41,105,23,41,106,23,41,107,23,41,32,23,42,33,23,42,35,23,42,93,23,42,95,23,42,96,23,42,99,23,42,100,23,42,101,23,42,102,23,42,103,23,42,104,23,42,105,23,42,32,23,43,33,23,43,34,23,43,35,23,43,93,23,43,95,23,43,96,23,43,99,23,43,100,23,43,101,23,43,102,23,43,103,23,43,32,23,44,33,23,44,34,23,44,94,23,44,95,23,44,96,23,44,97,23,44,98,23,44,99,23,44,100,23,44,101,23,44,32,23,45,95,23,45,96,23,45,97,23,45,98,23,45,99,23,45,
96,23,46,97,23,46,63,24,3,62,24,4,63,24,4,64,24,4,62,24,5,63,24,5,64,24,5,65,24,5,62,24,6,65,24,6,37,24,7,38,24,7,39,24,7,40,24,7,41,24,7,62,24,7,65,24,7,86,24,7,87,24,7,88,24,7,89,24,7,90,24,7,91,24,7,36,24,8,37,24,8,38,24,8,40,24,8,41,24,8,42,24,8,62,24,8,63,24,8,65,24,8,85,24,8,86,24,8,87,24,8,88,24,8,89,24,8,90,24,8,91,24,8,39,24,9,40,24,9,41,24,9,42,24,9,62,24,9,63,24,9,64,24,9,85,24,9,86,24,9,87,24,9,62,24,10,63,24,10,64,24,10,22,24,17,23,24,17,24,24,17,21,24,18,22,24,18,23,24,18,31,24,18,32,24,18,33,24,18,34,24,18,35,24,18,36,24,18,37,24,18,38,24,18,39,24,18,40,24,18,87,24,18,88,24,18,89,24,18,90,24,18,91,24,18,92,24,18,93,24,18,19,24,19,20,24,19,21,24,19,22,24,19,28,24,19,29,24,19,30,24,19,31,24,19,32,24,19,33,24,19,34,24,19,35,24,19,36,24,19,37,24,19,38,24,19,39,24,19,40,24,19,41,24,19,42,24,19,85,24,19,86,24,19,87,24,19,88,24,19,
89,24,19,90,24,19,91,24,19,92,24,19,93,24,19,94,24,19,95,24,19,96,24,19,17,24,20,18,24,20,19,24,20,20,24,20,21,24,20,22,24,20,23,24,20,24,24,20,25,24,20,26,24,20,27,24,20,28,24,20,29,24,20,30,24,20,31,24,20,32,24,20,33,24,20,34,24,20,35,24,20,36,24,20,37,24,20,41,24,20,42,24,20,85,24,20,86,24,20,87,24,20,90,24,20,91,24,20,92,24,20,93,24,20,94,24,20,95,24,20,96,24,20,97,24,20,98,24,20,99,24,20,15,24,21,16,24,21,17,24,21,18,24,21,19,24,21,20,24,21,21,24,21,22,24,21,23,24,21,24,24,21,25,24,21,26,24,21,27,24,21,28,24,21,29,24,21,30,24,21,31,24,21,32,24,21,33,24,21,34,24,21,35,24,21,36,24,21,40,24,21,41,24,21,86,24,21,87,24,21,91,24,21,92,24,21,93,24,21,94,24,21,95,24,21,96,24,21,97,24,21,98,24,21,99,24,21,100,24,21,101,24,21,102,24,21,103,24,21,104,24,21,14,24,22,15,24,22,16,24,22,17,24,22,18,24,22,19,24,22,20,24,22,21,24,22,22,24,22,23,24,22,24,24,22,25,24,22,26,24,22,27,24,22,28,24,22,29,24,22,
30,24,22,31,24,22,32,24,22,33,24,22,34,24,22,35,24,22,40,24,22,87,24,22,92,24,22,93,24,22,94,24,22,95,24,22,96,24,22,97,24,22,98,24,22,99,24,22,100,24,22,101,24,22,102,24,22,103,24,22,104,24,22,105,24,22,106,24,22,107,24,22,13,24,23,14,24,23,15,24,23,16,24,23,17,24,23,18,24,23,19,24,23,20,24,23,21,24,23,22,24,23,23,24,23,24,24,23,25,24,23,26,24,23,27,24,23,28,24,23,29,24,23,30,24,23,31,24,23,32,24,23,33,24,23,34,24,23,35,24,23,39,24,23,88,24,23,92,24,23,93,24,23,94,24,23,95,24,23,96,24,23,97,24,23,98,24,23,99,24,23,100,24,23,101,24,23,102,24,23,103,24,23,104,24,23,105,24,23,106,24,23,107,24,23,108,24,23,12,24,24,13,24,24,14,24,24,15,24,24,16,24,24,17,24,24,18,24,24,19,24,24,20,24,24,21,24,24,22,24,24,23,24,24,24,24,24,25,24,24,26,24,24,27,24,24,28,24,24,29,24,24,30,24,24,31,24,24,32,24,24,33,24,24,34,24,24,35,24,24,39,24,24,89,24,24,93,24,24,94,24,24,95,24,24,96,24,24,97,24,24,98,24,24,99,24,24,100,24,24,
101,24,24,102,24,24,103,24,24,104,24,24,105,24,24,106,24,24,107,24,24,108,24,24,10,24,25,11,24,25,12,24,25,13,24,25,15,24,25,16,24,25,17,24,25,18,24,25,19,24,25,20,24,25,21,24,25,22,24,25,23,24,25,24,24,25,25,24,25,26,24,25,27,24,25,28,24,25,29,24,25,30,24,25,31,24,25,32,24,25,33,24,25,34,24,25,38,24,25,89,24,25,93,24,25,94,24,25,95,24,25,96,24,25,97,24,25,98,24,25,99,24,25,100,24,25,101,24,25,102,24,25,103,24,25,104,24,25,105,24,25,106,24,25,107,24,25,108,24,25,109,24,25,9,24,26,10,24,26,11,24,26,12,24,26,14,24,26,15,24,26,16,24,26,17,24,26,18,24,26,19,24,26,20,24,26,21,24,26,22,24,26,23,24,26,25,24,26,26,24,26,27,24,26,28,24,26,29,24,26,30,24,26,31,24,26,32,24,26,33,24,26,34,24,26,38,24,26,89,24,26,94,24,26,95,24,26,96,24,26,97,24,26,98,24,26,99,24,26,101,24,26,102,24,26,103,24,26,104,24,26,105,24,26,106,24,26,107,24,26,108,24,26,109,24,26,8,24,27,9,24,27,10,24,27,13,24,27,14,24,27,15,24,27,16,24,27,17,24,27,
18,24,27,19,24,27,20,24,27,21,24,27,22,24,27,25,24,27,26,24,27,27,24,27,28,24,27,29,24,27,30,24,27,31,24,27,32,24,27,34,24,27,37,24,27,38,24,27,90,24,27,94,24,27,95,24,27,96,24,27,97,24,27,98,24,27,99,24,27,100,24,27,101,24,27,102,24,27,103,24,27,104,24,27,105,24,27,106,24,27,107,24,27,108,24,27,109,24,27,110,24,27,7,24,28,8,24,28,9,24,28,13,24,28,14,24,28,15,24,28,16,24,28,17,24,28,18,24,28,19,24,28,20,24,28,21,24,28,22,24,28,25,24,28,26,24,28,27,24,28,28,24,28,29,24,28,30,24,28,31,24,28,32,24,28,34,24,28,35,24,28,37,24,28,38,24,28,90,24,28,94,24,28,95,24,28,96,24,28,97,24,28,98,24,28,99,24,28,100,24,28,102,24,28,103,24,28,104,24,28,105,24,28,106,24,28,107,24,28,108,24,28,109,24,28,110,24,28,111,24,28,12,24,29,13,24,29,14,24,29,15,24,29,16,24,29,17,24,29,18,24,29,19,24,29,20,24,29,21,24,29,25,24,29,26,24,29,27,24,29,28,24,29,29,24,29,30,24,29,31,24,29,33,24,29,35,24,29,37,24,29,90,24,29,91,24,29,94,24,29,
95,24,29,96,24,29,97,24,29,98,24,29,99,24,29,100,24,29,103,24,29,104,24,29,105,24,29,106,24,29,107,24,29,108,24,29,109,24,29,110,24,29,111,24,29,12,24,30,13,24,30,14,24,30,15,24,30,16,24,30,17,24,30,18,24,30,19,24,30,20,24,30,26,24,30,27,24,30,28,24,30,29,24,30,30,24,30,31,24,30,33,24,30,35,24,30,36,24,30,37,24,30,90,24,30,91,24,30,95,24,30,96,24,30,97,24,30,98,24,30,99,24,30,100,24,30,103,24,30,104,24,30,105,24,30,106,24,30,107,24,30,108,24,30,109,24,30,110,24,30,111,24,30,112,24,30,13,24,31,14,24,31,15,24,31,16,24,31,17,24,31,18,24,31,19,24,31,20,24,31,26,24,31,27,24,31,28,24,31,29,24,31,30,24,31,33,24,31,36,24,31,37,24,31,91,24,31,95,24,31,96,24,31,97,24,31,98,24,31,99,24,31,100,24,31,104,24,31,105,24,31,106,24,31,107,24,31,108,24,31,109,24,31,110,24,31,111,24,31,13,24,32,14,24,32,15,24,32,16,24,32,17,24,32,18,24,32,19,24,32,20,24,32,26,24,32,27,24,32,28,24,32,29,24,32,30,24,32,32,24,32,36,24,32,37,24,32,91,24,32,
95,24,32,96,24,32,97,24,32,98,24,32,99,24,32,104,24,32,105,24,32,106,24,32,107,24,32,108,24,32,109,24,32,110,24,32,14,24,33,15,24,33,16,24,33,17,24,33,18,24,33,19,24,33,20,24,33,21,24,33,23,24,33,24,24,33,25,24,33,26,24,33,27,24,33,28,24,33,29,24,33,30,24,33,32,24,33,34,24,33,36,24,33,91,24,33,92,24,33,96,24,33,97,24,33,98,24,33,99,24,33,103,24,33,104,24,33,105,24,33,106,24,33,107,24,33,108,24,33,109,24,33,16,24,34,17,24,34,18,24,34,19,24,34,20,24,34,21,24,34,22,24,34,23,24,34,24,24,34,25,24,34,26,24,34,27,24,34,28,24,34,29,24,34,30,24,34,32,24,34,34,24,34,36,24,34,91,24,34,92,24,34,96,24,34,97,24,34,98,24,34,99,24,34,102,24,34,103,24,34,104,24,34,105,24,34,106,24,34,107,24,34,108,24,34,16,24,35,17,24,35,18,24,35,19,24,35,20,24,35,21,24,35,22,24,35,23,24,35,24,24,35,25,24,35,26,24,35,27,24,35,28,24,35,29,24,35,30,24,35,31,24,35,35,24,35,36,24,35,92,24,35,96,24,35,97,24,35,98,24,35,99,24,35,101,24,35,102,24,35,
103,24,35,104,24,35,105,24,35,106,24,35,107,24,35,17,24,36,18,24,36,19,24,36,20,24,36,21,24,36,22,24,36,23,24,36,24,24,36,25,24,36,26,24,36,27,24,36,28,24,36,29,24,36,30,24,36,31,24,36,35,24,36,92,24,36,96,24,36,97,24,36,98,24,36,99,24,36,100,24,36,101,24,36,102,24,36,103,24,36,104,24,36,105,24,36,106,24,36,17,24,37,18,24,37,19,24,37,20,24,37,21,24,37,22,24,37,23,24,37,24,24,37,25,24,37,26,24,37,27,24,37,28,24,37,29,24,37,30,24,37,31,24,37,35,24,37,92,24,37,93,24,37,96,24,37,97,24,37,98,24,37,99,24,37,100,24,37,101,24,37,102,24,37,103,24,37,104,24,37,105,24,37,18,24,38,19,24,38,20,24,38,21,24,38,22,24,38,23,24,38,24,24,38,25,24,38,26,24,38,27,24,38,28,24,38,29,24,38,30,24,38,31,24,38,33,24,38,35,24,38,93,24,38,96,24,38,97,24,38,98,24,38,99,24,38,100,24,38,101,24,38,102,24,38,103,24,38,104,24,38,105,24,38,18,24,39,19,24,39,20,24,39,21,24,39,22,24,39,23,24,39,24,24,39,25,24,39,26,24,39,27,24,39,28,24,39,29,24,39,
30,24,39,31,24,39,34,24,39,35,24,39,93,24,39,97,24,39,98,24,39,99,24,39,100,24,39,101,24,39,102,24,39,103,24,39,104,24,39,19,24,40,20,24,40,21,24,40,22,24,40,23,24,40,24,24,40,25,24,40,26,24,40,27,24,40,28,24,40,29,24,40,30,24,40,31,24,40,34,24,40,93,24,40,94,24,40,97,24,40,98,24,40,99,24,40,100,24,40,101,24,40,102,24,40,103,24,40,19,24,41,20,24,41,21,24,41,22,24,41,23,24,41,24,24,41,25,24,41,26,24,41,27,24,41,28,24,41,29,24,41,30,24,41,31,24,41,32,24,41,34,24,41,94,24,41,97,24,41,98,24,41,99,24,41,100,24,41,101,24,41,102,24,41,22,24,42,23,24,42,24,24,42,25,24,42,26,24,42,27,24,42,28,24,42,29,24,42,30,24,42,31,24,42,33,24,42,34,24,42,94,24,42,97,24,42,98,24,42,99,24,42,100,24,42,101,24,42,24,24,43,25,24,43,26,24,43,27,24,43,28,24,43,29,24,43,30,24,43,31,24,43,33,24,43,94,24,43,97,24,43,98,24,43,99,24,43,100,24,43,26,24,44,27,24,44,28,24,44,29,24,44,30,24,44,31,24,44,33,24,44,95,24,44,96,24,44,97,24,44,
98,24,44,28,24,45,29,24,45,30,24,45,31,24,45,32,24,45,95,24,45,96,24,45,97,24,45,98,24,45,30,24,46,31,24,46,96,24,46,97,24,46,62,25,6,63,25,6,64,25,6,65,25,6,34,25,7,35,25,7,36,25,7,37,25,7,38,25,7,39,25,7,62,25,7,63,25,7,64,25,7,65,25,7,88,25,7,89,25,7,90,25,7,91,25,7,92,25,7,93,25,7,34,25,8,35,25,8,36,25,8,37,25,8,38,25,8,39,25,8,62,25,8,64,25,8,65,25,8,88,25,8,89,25,8,90,25,8,91,25,8,92,25,8,93,25,8,62,25,9,64,25,9,65,25,9,62,25,10,64,25,10,65,25,10,62,25,11,64,25,11,65,25,11,62,25,12,64,25,12,65,25,12,38,25,20,39,25,20,40,25,20,88,25,20,89,25,20,36,25,21,37,25,21,38,25,21,39,25,21,88,25,21,89,25,21,90,25,21,33,25,22,34,25,22,35,25,22,36,25,22,37,25,22,38,25,22,39,25,22,88,25,22,89,25,22,90,25,22,91,25,22,30,25,23,31,25,23,32,25,23,33,25,23,34,25,23,35,25,23,36,25,23,37,25,23,38,25,23,89,25,23,90,25,23,91,25,23,92,25,23,93,25,23,26,25,24,27,25,24,
28,25,24,29,25,24,30,25,24,31,25,24,32,25,24,33,25,24,34,25,24,35,25,24,37,25,24,38,25,24,89,25,24,90,25,24,91,25,24,92,25,24,93,25,24,94,25,24,95,25,24,96,25,24,25,25,25,26,25,25,27,25,25,28,25,25,29,25,25,30,25,25,31,25,25,32,25,25,33,25,25,34,25,25,37,25,25,90,25,25,91,25,25,92,25,25,93,25,25,94,25,25,95,25,25,96,25,25,97,25,25,98,25,25,99,25,25,24,25,26,25,25,26,26,25,26,27,25,26,28,25,26,29,25,26,30,25,26,31,25,26,32,25,26,33,25,26,37,25,26,90,25,26,91,25,26,92,25,26,93,25,26,94,25,26,95,25,26,96,25,26,97,25,26,98,25,26,99,25,26,100,25,26,23,25,27,24,25,27,25,25,27,26,25,27,27,25,27,28,25,27,29,25,27,30,25,27,31,25,27,32,25,27,33,25,27,36,25,27,91,25,27,93,25,27,94,25,27,95,25,27,96,25,27,97,25,27,98,25,27,99,25,27,100,25,27,23,25,28,24,25,28,25,25,28,26,25,28,27,25,28,28,25,28,29,25,28,30,25,28,31,25,28,32,25,28,33,25,28,36,25,28,91,25,28,94,25,28,95,25,28,96,25,28,97,25,28,98,25,28,
99,25,28,100,25,28,101,25,28,22,25,29,23,25,29,24,25,29,25,25,29,26,25,29,27,25,29,28,25,29,29,25,29,30,25,29,31,25,29,32,25,29,36,25,29,92,25,29,94,25,29,95,25,29,96,25,29,97,25,29,98,25,29,99,25,29,100,25,29,101,25,29,102,25,29,21,25,30,22,25,30,23,25,30,24,25,30,25,25,30,26,25,30,27,25,30,28,25,30,29,25,30,30,25,30,31,25,30,32,25,30,35,25,30,92,25,30,94,25,30,95,25,30,96,25,30,97,25,30,98,25,30,99,25,30,100,25,30,101,25,30,102,25,30,21,25,31,22,25,31,23,25,31,24,25,31,25,25,31,26,25,31,27,25,31,28,25,31,29,25,31,30,25,31,31,25,31,32,25,31,35,25,31,92,25,31,95,25,31,96,25,31,97,25,31,98,25,31,99,25,31,100,25,31,101,25,31,102,25,31,103,25,31,21,25,32,22,25,32,23,25,32,24,25,32,25,25,32,26,25,32,27,25,32,28,25,32,29,25,32,31,25,32,35,25,32,92,25,32,93,25,32,95,25,32,96,25,32,97,25,32,98,25,32,99,25,32,100,25,32,101,25,32,102,25,32,103,25,32,22,25,33,23,25,33,24,25,33,25,25,33,26,25,33,27,25,33,28,25,33,
31,25,33,35,25,33,93,25,33,96,25,33,97,25,33,98,25,33,99,25,33,100,25,33,101,25,33,102,25,33,23,25,34,24,25,34,25,25,34,26,25,34,27,25,34,28,25,34,29,25,34,31,25,34,35,25,34,93,25,34,96,25,34,97,25,34,98,25,34,99,25,34,100,25,34,101,25,34,24,25,35,25,25,35,26,25,35,27,25,35,28,25,35,29,25,35,30,25,35,34,25,35,93,25,35,94,25,35,95,25,35,96,25,35,97,25,35,98,25,35,99,25,35,100,25,35,25,25,36,26,25,36,27,25,36,28,25,36,29,25,36,30,25,36,31,25,36,34,25,36,93,25,36,94,25,36,95,25,36,96,25,36,97,25,36,98,25,36,99,25,36,100,25,36,25,25,37,26,25,37,27,25,37,28,25,37,29,25,37,30,25,37,31,25,37,34,25,37,94,25,37,95,25,37,96,25,37,97,25,37,98,25,37,99,25,37,27,25,38,28,25,38,29,25,38,30,25,38,31,25,38,33,25,38,34,25,38,94,25,38,95,25,38,96,25,38,97,25,38,98,
25,38,27,25,39,28,25,39,29,25,39,30,25,39,31,25,39,33,25,39,94,25,39,95,25,39,96,25,39,97,25,39,28,25,40,29,25,40,30,25,40,31,25,40,32,25,40,33,25,40,
95,25,40,96,25,40,29,25,41,30,25,41,31,25,41,32,25,41,33,25,41,95,25,41,96,25,41,30,25,42,31,25,42,32,25,42,95,25,42,96,25,42,31,25,43,32,25,43,95,25,43,96,25,43,31,25,44,32,25,44,31,25,45,92,26,6,32,26,7,33,26,7,34,26,7,35,26,7,36,26,7,91,26,7,92,26,7,93,26,7,94,26,7,95,26,7,34,26,8,35,26,8,36,26,8,91,26,8,92,26,8,93,26,8,62,26,11,65,26,11,62,26,12,64,26,12,65,26,12,62,26,13,64,26,13,65,26,13,36,26,24,35,26,25,36,26,25,34,26,26,35,26,26,36,26,26,34,26,27,35,26,27,36,26,27,92,26,27,33,26,28,34,26,28,35,26,28,92,26,28,93,26,28,32,26,29,33,26,29,34,26,29,35,26,29,93,26,29,32,26,30,33,26,30,34,26,30,35,26,30,93,26,30,31,26,31,32,26,31,33,26,31,34,26,31,93,26,31,94,26,31,30,26,32,31,26,32,32,26,32,33,26,32,34,26,32,94,26,32,29,26,33,30,26,33,31,26,33,32,26,33,33,26,33,34,26,33,94,26,33,95,26,33,30,26,34,31,26,34,32,26,34,33,26,34,34,26,34,94,26,34,95,26,34,31,26,35,32,26,35,
33,26,35,32,26,36,33,26,36,32,26,37,33,26,37,32,26,38,32,26,39,31,27,7,32,27,7,33,27,7,94,27,7,95,27,7,96,27,7,}
end 
return dragonGeometry
